21 0.517578 0.431944 0.108594 0.177778 0.502321
21 0.517969 0.428472 0.104687 0.181944 0.587569
21 0.517969 0.428472 0.104687 0.181944 0.694556
21 0.517969 0.428472 0.103125 0.181944 0.715539
21 0.517578 0.433333 0.105469 0.175 0.761241
21 0.517578 0.431944 0.108594 0.172222 0.767037
21 0.517578 0.431944 0.108594 0.177778 0.502321
21 0.517969 0.428472 0.104687 0.181944 0.587569
21 0.517969 0.428472 0.104687 0.181944 0.694556
21 0.517969 0.428472 0.103125 0.181944 0.715539
21 0.517578 0.433333 0.105469 0.175 0.761241
21 0.517578 0.431944 0.108594 0.172222 0.767037
