21 0.515234 0.420139 0.100781 0.231944 0.398231
21 0.515234 0.420139 0.100781 0.234722 0.424519
21 0.515234 0.422917 0.102344 0.231944 0.75666
21 0.515234 0.424306 0.0992187 0.234722 0.767827
21 0.514844 0.423611 0.1 0.233333 0.781647
21 0.515234 0.422917 0.100781 0.231944 0.805093
21 0.515234 0.423611 0.100781 0.233333 0.805728
21 0.514844 0.422222 0.103125 0.230556 0.812608
21 0.515234 0.420139 0.100781 0.231944 0.398231
21 0.515234 0.420139 0.100781 0.234722 0.424519
21 0.515234 0.422917 0.102344 0.231944 0.75666
21 0.515234 0.424306 0.0992187 0.234722 0.767827
21 0.514844 0.423611 0.1 0.233333 0.781647
21 0.515234 0.422917 0.100781 0.231944 0.805093
21 0.515234 0.423611 0.100781 0.233333 0.805728
21 0.514844 0.422222 0.103125 0.230556 0.812608
