21 0.515234 0.449306 0.107031 0.190278 0.493136
21 0.515234 0.447917 0.107031 0.190278 0.507053
21 0.516797 0.444444 0.103906 0.194444 0.525919
21 0.515625 0.446528 0.107813 0.190278 0.62266
21 0.516406 0.445139 0.103125 0.190278 0.715679
21 0.516406 0.445833 0.104687 0.188889 0.727084
21 0.515625 0.446528 0.104687 0.184722 0.800653
21 0.515625 0.445833 0.107813 0.183333 0.817471
21 0.515234 0.449306 0.107031 0.190278 0.493136
21 0.515234 0.447917 0.107031 0.190278 0.507053
21 0.516797 0.444444 0.103906 0.194444 0.525919
21 0.515625 0.446528 0.107813 0.190278 0.62266
21 0.516406 0.445139 0.103125 0.190278 0.715679
21 0.516406 0.445833 0.104687 0.188889 0.727084
21 0.515625 0.446528 0.104687 0.184722 0.800653
21 0.515625 0.445833 0.107813 0.183333 0.817471
