18 0.590234 0.724306 0.230469 0.326389 0.274359
18 0.589844 0.725694 0.229687 0.326389 0.365945
18 0.590234 0.725 0.232031 0.327778 0.36997
18 0.588672 0.729167 0.227344 0.319444 0.588024
18 0.587891 0.729167 0.225781 0.319444 0.606765
18 0.589063 0.729167 0.226562 0.322222 0.623049
18 0.590234 0.724306 0.230469 0.326389 0.274359
18 0.589844 0.725694 0.229687 0.326389 0.365945
18 0.590234 0.725 0.232031 0.327778 0.36997
18 0.588672 0.729167 0.227344 0.319444 0.588024
18 0.587891 0.729167 0.225781 0.319444 0.606765
18 0.589063 0.729167 0.226562 0.322222 0.623049
