18 0.530859 0.547222 0.149219 0.225 0.519209
18 0.53125 0.547917 0.145313 0.223611 0.548455
18 0.53125 0.546528 0.146875 0.240278 0.722687
18 0.532031 0.548611 0.15 0.236111 0.734172
18 0.53125 0.545833 0.146875 0.238889 0.754271
18 0.531641 0.545833 0.144531 0.238889 0.758265
18 0.532031 0.547917 0.148438 0.231944 0.76298
18 0.531641 0.548611 0.146094 0.233333 0.786848
18 0.530859 0.547222 0.149219 0.225 0.519209
18 0.53125 0.547917 0.145313 0.223611 0.548455
18 0.53125 0.546528 0.146875 0.240278 0.722687
18 0.532031 0.548611 0.15 0.236111 0.734172
18 0.53125 0.545833 0.146875 0.238889 0.754271
18 0.531641 0.545833 0.144531 0.238889 0.758265
18 0.532031 0.547917 0.148438 0.231944 0.76298
18 0.531641 0.548611 0.146094 0.233333 0.786848
