21 0.517187 0.40625 0.0921875 0.329167 0.258806
21 0.516016 0.403472 0.0945313 0.329167 0.304319
21 0.516406 0.402778 0.0953125 0.327778 0.307982
21 0.51875 0.400694 0.090625 0.326389 0.402104
21 0.518359 0.401389 0.0914062 0.330556 0.407926
21 0.517578 0.405556 0.0914062 0.330556 0.449752
21 0.518359 0.400694 0.0914062 0.329167 0.478422
21 0.517187 0.405556 0.0921875 0.330556 0.491367
21 0.517187 0.40625 0.0921875 0.329167 0.258806
21 0.516016 0.403472 0.0945313 0.329167 0.304319
21 0.516406 0.402778 0.0953125 0.327778 0.307982
21 0.51875 0.400694 0.090625 0.326389 0.402104
21 0.518359 0.401389 0.0914062 0.330556 0.407926
21 0.517578 0.405556 0.0914062 0.330556 0.449752
21 0.518359 0.400694 0.0914062 0.329167 0.478422
21 0.517187 0.405556 0.0921875 0.330556 0.491367
