45 0.420703 0.270833 0.100781 0.241667 0.296294
45 0.420703 0.272222 0.102344 0.241667 0.351377
45 0.421484 0.272222 0.0992187 0.244444 0.354931
45 0.419922 0.268056 0.105469 0.236111 0.358812
45 0.420312 0.269444 0.104687 0.230556 0.461418
45 0.420312 0.269444 0.101562 0.236111 0.477992
45 0.420703 0.270833 0.100781 0.241667 0.296294
45 0.420703 0.272222 0.102344 0.241667 0.351377
45 0.421484 0.272222 0.0992187 0.244444 0.354931
45 0.419922 0.268056 0.105469 0.236111 0.358812
45 0.420312 0.269444 0.104687 0.230556 0.461418
45 0.420312 0.269444 0.101562 0.236111 0.477992
