21 0.517187 0.447917 0.103125 0.201389 0.448532
21 0.515625 0.452778 0.10625 0.197222 0.507288
21 0.515234 0.450694 0.107031 0.195833 0.52684
21 0.516016 0.450694 0.107031 0.198611 0.647644
21 0.516797 0.45 0.102344 0.197222 0.649974
21 0.517187 0.450694 0.104687 0.195833 0.670144
21 0.516016 0.451389 0.105469 0.194444 0.773206
21 0.516406 0.45 0.107813 0.191667 0.795497
21 0.517187 0.447917 0.103125 0.201389 0.448532
21 0.515625 0.452778 0.10625 0.197222 0.507288
21 0.515234 0.450694 0.107031 0.195833 0.52684
21 0.516016 0.450694 0.107031 0.198611 0.647644
21 0.516797 0.45 0.102344 0.197222 0.649974
21 0.517187 0.450694 0.104687 0.195833 0.670144
21 0.516016 0.451389 0.105469 0.194444 0.773206
21 0.516406 0.45 0.107813 0.191667 0.795497
