40 0.501562 0.381944 0.154687 0.236111 0.284368
40 0.501562 0.382639 0.15625 0.234722 0.284746
40 0.501953 0.382639 0.152344 0.234722 0.345716
40 0.503516 0.379861 0.150781 0.223611 0.492091
40 0.503516 0.379861 0.152344 0.223611 0.510484
40 0.501953 0.384028 0.155469 0.234722 0.577037
40 0.502344 0.384028 0.154687 0.234722 0.584981
40 0.502344 0.384028 0.153125 0.234722 0.594178
40 0.501562 0.381944 0.154687 0.236111 0.284368
40 0.501562 0.382639 0.15625 0.234722 0.284746
40 0.501953 0.382639 0.152344 0.234722 0.345716
40 0.503516 0.379861 0.150781 0.223611 0.492091
40 0.503516 0.379861 0.152344 0.223611 0.510484
40 0.501953 0.384028 0.155469 0.234722 0.577037
40 0.502344 0.384028 0.154687 0.234722 0.584981
40 0.502344 0.384028 0.153125 0.234722 0.594178
