18 0.530469 0.550694 0.140625 0.231944 0.399346
18 0.530469 0.550694 0.1375 0.231944 0.430864
18 0.531641 0.545139 0.139844 0.259722 0.575604
18 0.53125 0.544444 0.140625 0.258333 0.591034
18 0.531641 0.545139 0.138281 0.256944 0.603573
18 0.532031 0.547222 0.140625 0.252778 0.622492
18 0.53125 0.546528 0.140625 0.248611 0.644037
18 0.531641 0.547222 0.136719 0.25 0.652552
18 0.530469 0.550694 0.140625 0.231944 0.399346
18 0.530469 0.550694 0.1375 0.231944 0.430864
18 0.531641 0.545139 0.139844 0.259722 0.575604
18 0.53125 0.544444 0.140625 0.258333 0.591034
18 0.531641 0.545139 0.138281 0.256944 0.603573
18 0.532031 0.547222 0.140625 0.252778 0.622492
18 0.53125 0.546528 0.140625 0.248611 0.644037
18 0.531641 0.547222 0.136719 0.25 0.652552
