18 0.529688 0.551389 0.14375 0.208333 0.276442
18 0.529297 0.550694 0.142969 0.206944 0.594659
18 0.529297 0.551389 0.138281 0.208333 0.611712
18 0.530469 0.549306 0.140625 0.231944 0.648447
18 0.530469 0.549306 0.140625 0.229167 0.702509
18 0.530469 0.549306 0.139062 0.229167 0.702913
18 0.530469 0.551389 0.142188 0.222222 0.728674
18 0.530078 0.550694 0.141406 0.220833 0.763487
18 0.530469 0.552083 0.139062 0.220833 0.771972
18 0.529688 0.551389 0.14375 0.208333 0.276442
18 0.529297 0.550694 0.142969 0.206944 0.594659
18 0.529297 0.551389 0.138281 0.208333 0.611712
18 0.530469 0.549306 0.140625 0.231944 0.648447
18 0.530469 0.549306 0.140625 0.229167 0.702509
18 0.530469 0.549306 0.139062 0.229167 0.702913
18 0.530469 0.551389 0.142188 0.222222 0.728674
18 0.530078 0.550694 0.141406 0.220833 0.763487
18 0.530469 0.552083 0.139062 0.220833 0.771972
