18 0.504687 0.378472 0.139062 0.223611 0.273611
40 0.504297 0.378472 0.139844 0.223611 0.274244
40 0.505078 0.375 0.138281 0.219444 0.297096
40 0.504687 0.378472 0.1375 0.223611 0.32479
40 0.505078 0.375694 0.138281 0.220833 0.477647
40 0.504687 0.375694 0.1375 0.220833 0.527756
18 0.504687 0.378472 0.139062 0.223611 0.273611
40 0.504297 0.378472 0.139844 0.223611 0.274244
40 0.505078 0.375 0.138281 0.219444 0.297096
40 0.504687 0.378472 0.1375 0.223611 0.32479
40 0.505078 0.375694 0.138281 0.220833 0.477647
40 0.504687 0.375694 0.1375 0.220833 0.527756
