21 0.512109 0.448611 0.0914062 0.388889 0.44048
21 0.512109 0.449306 0.0929687 0.384722 0.566492
21 0.5125 0.449306 0.0890625 0.384722 0.573015
21 0.513672 0.447917 0.0867188 0.3875 0.622246
21 0.513672 0.447917 0.0867188 0.384722 0.697343
21 0.513672 0.447917 0.0882813 0.384722 0.719339
21 0.512891 0.447917 0.0882813 0.3875 0.720633
21 0.513672 0.448611 0.0867188 0.380556 0.726595
21 0.513281 0.447917 0.0890625 0.381944 0.764459
21 0.512109 0.448611 0.0914062 0.388889 0.44048
21 0.512109 0.449306 0.0929687 0.384722 0.566492
21 0.5125 0.449306 0.0890625 0.384722 0.573015
21 0.513672 0.447917 0.0867188 0.3875 0.622246
21 0.513672 0.447917 0.0867188 0.384722 0.697343
21 0.513672 0.447917 0.0882813 0.384722 0.719339
21 0.512891 0.447917 0.0882813 0.3875 0.720633
21 0.513672 0.448611 0.0867188 0.380556 0.726595
21 0.513281 0.447917 0.0890625 0.381944 0.764459
