18 0.491016 0.379167 0.121094 0.197222 0.508961
18 0.491016 0.379167 0.121094 0.194444 0.611203
18 0.491406 0.379861 0.11875 0.195833 0.621803
18 0.490625 0.383333 0.128125 0.197222 0.663473
18 0.491797 0.377778 0.122656 0.197222 0.745271
18 0.490625 0.381944 0.128125 0.2 0.754578
18 0.490625 0.383333 0.128125 0.2 0.755474
18 0.491406 0.377083 0.121875 0.201389 0.787155
18 0.491406 0.377778 0.120312 0.2 0.796456
18 0.491016 0.379167 0.121094 0.197222 0.508961
18 0.491016 0.379167 0.121094 0.194444 0.611203
18 0.491406 0.379861 0.11875 0.195833 0.621803
18 0.490625 0.383333 0.128125 0.197222 0.663473
18 0.491797 0.377778 0.122656 0.197222 0.745271
18 0.490625 0.381944 0.128125 0.2 0.754578
18 0.490625 0.383333 0.128125 0.2 0.755474
18 0.491406 0.377083 0.121875 0.201389 0.787155
18 0.491406 0.377778 0.120312 0.2 0.796456
