1 0.519141 0.405556 0.0804688 0.344444 0.297519
1 0.522266 0.402083 0.0804688 0.343056 0.2989
1 0.522266 0.402083 0.0773437 0.340278 0.308094
1 0.51875 0.405556 0.08125 0.347222 0.362614
1 0.516797 0.402083 0.0804688 0.3375 0.400486
1 0.519141 0.405556 0.0789063 0.344444 0.405307
1 0.516797 0.401389 0.0820312 0.338889 0.408269
1 0.520312 0.399306 0.0796875 0.345833 0.777797
1 0.519922 0.399306 0.0789063 0.340278 0.784081
1 0.519922 0.398611 0.0789063 0.344444 0.795258
1 0.519141 0.405556 0.0804688 0.344444 0.297519
1 0.522266 0.402083 0.0804688 0.343056 0.2989
1 0.522266 0.402083 0.0773437 0.340278 0.308094
1 0.51875 0.405556 0.08125 0.347222 0.362614
1 0.516797 0.402083 0.0804688 0.3375 0.400486
1 0.519141 0.405556 0.0789063 0.344444 0.405307
1 0.516797 0.401389 0.0820312 0.338889 0.408269
1 0.520312 0.399306 0.0796875 0.345833 0.777797
1 0.519922 0.399306 0.0789063 0.340278 0.784081
1 0.519922 0.398611 0.0789063 0.344444 0.795258
