21 0.514063 0.444444 0.107813 0.188889 0.426302
21 0.514063 0.44375 0.109375 0.1875 0.441299
21 0.514844 0.439583 0.104687 0.190278 0.586664
21 0.514063 0.441667 0.109375 0.186111 0.614855
21 0.514453 0.439583 0.103906 0.1875 0.742641
21 0.514453 0.439583 0.105469 0.1875 0.75159
21 0.514063 0.441667 0.10625 0.180556 0.809406
21 0.514453 0.440972 0.110156 0.179167 0.823082
21 0.514063 0.444444 0.107813 0.188889 0.426302
21 0.514063 0.44375 0.109375 0.1875 0.441299
21 0.514844 0.439583 0.104687 0.190278 0.586664
21 0.514063 0.441667 0.109375 0.186111 0.614855
21 0.514453 0.439583 0.103906 0.1875 0.742641
21 0.514453 0.439583 0.105469 0.1875 0.75159
21 0.514063 0.441667 0.10625 0.180556 0.809406
21 0.514453 0.440972 0.110156 0.179167 0.823082
