18 0.588281 0.70625 0.229687 0.331944 0.473734
18 0.588672 0.709722 0.230469 0.325 0.474363
18 0.588281 0.709028 0.229687 0.329167 0.488534
18 0.588672 0.707639 0.230469 0.331944 0.502185
18 0.587891 0.708333 0.228906 0.330556 0.504926
18 0.587891 0.709722 0.227344 0.325 0.524778
18 0.588281 0.70625 0.229687 0.331944 0.473734
18 0.588672 0.709722 0.230469 0.325 0.474363
18 0.588281 0.709028 0.229687 0.329167 0.488534
18 0.588672 0.707639 0.230469 0.331944 0.502185
18 0.587891 0.708333 0.228906 0.330556 0.504926
18 0.587891 0.709722 0.227344 0.325 0.524778
