21 0.514453 0.415972 0.105469 0.209722 0.500327
21 0.514453 0.415972 0.105469 0.209722 0.516894
21 0.514453 0.420833 0.107031 0.205556 0.724833
21 0.514453 0.421528 0.103906 0.209722 0.777444
21 0.514453 0.420833 0.103906 0.208333 0.804891
21 0.514453 0.420833 0.105469 0.205556 0.808206
21 0.514844 0.420139 0.107813 0.204167 0.817415
21 0.514453 0.420139 0.105469 0.209722 0.82101
21 0.514453 0.415972 0.105469 0.209722 0.500327
21 0.514453 0.415972 0.105469 0.209722 0.516894
21 0.514453 0.420833 0.107031 0.205556 0.724833
21 0.514453 0.421528 0.103906 0.209722 0.777444
21 0.514453 0.420833 0.103906 0.208333 0.804891
21 0.514453 0.420833 0.105469 0.205556 0.808206
21 0.514844 0.420139 0.107813 0.204167 0.817415
21 0.514453 0.420139 0.105469 0.209722 0.82101
