1 0.514063 0.397222 0.084375 0.413889 0.293623
1 0.515234 0.390972 0.0835937 0.4125 0.358284
1 0.514844 0.391667 0.0796875 0.411111 0.361223
1 0.514453 0.397917 0.0835937 0.406944 0.369161
1 0.514844 0.396528 0.0796875 0.420833 0.441945
1 0.514844 0.395139 0.0796875 0.418056 0.448352
1 0.514453 0.397917 0.0789063 0.404167 0.465658
1 0.514844 0.395833 0.078125 0.413889 0.538622
1 0.514063 0.397222 0.084375 0.413889 0.293623
1 0.515234 0.390972 0.0835937 0.4125 0.358284
1 0.514844 0.391667 0.0796875 0.411111 0.361223
1 0.514453 0.397917 0.0835937 0.406944 0.369161
1 0.514844 0.396528 0.0796875 0.420833 0.441945
1 0.514844 0.395139 0.0796875 0.418056 0.448352
1 0.514453 0.397917 0.0789063 0.404167 0.465658
1 0.514844 0.395833 0.078125 0.413889 0.538622
