18 0.528125 0.55 0.142188 0.225 0.278117
18 0.527734 0.548611 0.141406 0.222222 0.529503
18 0.527734 0.55 0.136719 0.222222 0.546645
18 0.528516 0.547917 0.139844 0.248611 0.627887
18 0.528516 0.547222 0.138281 0.244444 0.661838
18 0.528516 0.546528 0.139844 0.245833 0.66551
18 0.528906 0.549306 0.140625 0.240278 0.695904
18 0.528516 0.548611 0.139844 0.236111 0.711006
18 0.528125 0.549306 0.1375 0.2375 0.714189
18 0.528125 0.55 0.142188 0.225 0.278117
18 0.527734 0.548611 0.141406 0.222222 0.529503
18 0.527734 0.55 0.136719 0.222222 0.546645
18 0.528516 0.547917 0.139844 0.248611 0.627887
18 0.528516 0.547222 0.138281 0.244444 0.661838
18 0.528516 0.546528 0.139844 0.245833 0.66551
18 0.528906 0.549306 0.140625 0.240278 0.695904
18 0.528516 0.548611 0.139844 0.236111 0.711006
18 0.528125 0.549306 0.1375 0.2375 0.714189
