1 0.516797 0.389583 0.0882813 0.309722 0.270278
1 0.520703 0.384722 0.0882813 0.313889 0.295692
1 0.519922 0.386111 0.0851562 0.308333 0.489221
1 0.521094 0.385417 0.090625 0.309722 0.495241
1 0.520312 0.386111 0.084375 0.311111 0.663583
1 0.519922 0.386806 0.0835937 0.304167 0.681883
1 0.520312 0.386111 0.084375 0.308333 0.693165
1 0.516797 0.389583 0.0882813 0.309722 0.270278
1 0.520703 0.384722 0.0882813 0.313889 0.295692
1 0.519922 0.386111 0.0851562 0.308333 0.489221
1 0.521094 0.385417 0.090625 0.309722 0.495241
1 0.520312 0.386111 0.084375 0.311111 0.663583
1 0.519922 0.386806 0.0835937 0.304167 0.681883
1 0.520312 0.386111 0.084375 0.308333 0.693165
