18 0.524609 0.55625 0.169531 0.251389 0.27272
18 0.526563 0.550694 0.167187 0.259722 0.284899
18 0.526953 0.551389 0.164844 0.261111 0.304509
18 0.524219 0.553472 0.170312 0.254167 0.325768
18 0.523828 0.554167 0.167969 0.247222 0.342994
18 0.524609 0.554861 0.167969 0.243056 0.362477
18 0.523438 0.554167 0.165625 0.25 0.395653
18 0.523828 0.555556 0.163281 0.244444 0.405208
18 0.524609 0.55625 0.169531 0.251389 0.27272
18 0.526563 0.550694 0.167187 0.259722 0.284899
18 0.526953 0.551389 0.164844 0.261111 0.304509
18 0.524219 0.553472 0.170312 0.254167 0.325768
18 0.523828 0.554167 0.167969 0.247222 0.342994
18 0.524609 0.554861 0.167969 0.243056 0.362477
18 0.523438 0.554167 0.165625 0.25 0.395653
18 0.523828 0.555556 0.163281 0.244444 0.405208
