21 0.514063 0.440972 0.107813 0.226389 0.291984
21 0.513672 0.440278 0.108594 0.225 0.293899
21 0.514844 0.435417 0.103125 0.215278 0.705279
21 0.514063 0.436806 0.10625 0.215278 0.746765
21 0.514453 0.435417 0.103906 0.218056 0.758356
21 0.514453 0.435417 0.103906 0.218056 0.762947
21 0.514063 0.4375 0.104687 0.213889 0.798458
21 0.514063 0.436806 0.107813 0.2125 0.798709
21 0.514063 0.440972 0.107813 0.226389 0.291984
21 0.513672 0.440278 0.108594 0.225 0.293899
21 0.514844 0.435417 0.103125 0.215278 0.705279
21 0.514063 0.436806 0.10625 0.215278 0.746765
21 0.514453 0.435417 0.103906 0.218056 0.758356
21 0.514453 0.435417 0.103906 0.218056 0.762947
21 0.514063 0.4375 0.104687 0.213889 0.798458
21 0.514063 0.436806 0.107813 0.2125 0.798709
