21 0.510938 0.443056 0.0953125 0.388889 0.378404
21 0.510938 0.443056 0.0921875 0.388889 0.381156
21 0.512109 0.440972 0.0898438 0.3875 0.465284
21 0.5125 0.440972 0.0875 0.381944 0.492674
21 0.512109 0.440972 0.0898438 0.381944 0.563682
1 0.5125 0.438889 0.0875 0.394444 0.584703
1 0.512891 0.438889 0.0882813 0.388889 0.648405
1 0.5125 0.439583 0.0859375 0.3875 0.65071
21 0.510938 0.443056 0.0953125 0.388889 0.378404
21 0.510938 0.443056 0.0921875 0.388889 0.381156
21 0.512109 0.440972 0.0898438 0.3875 0.465284
21 0.5125 0.440972 0.0875 0.381944 0.492674
21 0.512109 0.440972 0.0898438 0.381944 0.563682
1 0.5125 0.438889 0.0875 0.394444 0.584703
1 0.512891 0.438889 0.0882813 0.388889 0.648405
1 0.5125 0.439583 0.0859375 0.3875 0.65071
