18 0.525391 0.380556 0.119531 0.283333 0.258808
18 0.525391 0.380556 0.117969 0.283333 0.307196
13 0.525 0.38125 0.13125 0.284722 0.317778
13 0.527344 0.384028 0.128125 0.284722 0.396812
13 0.527344 0.384028 0.128125 0.281944 0.404114
13 0.527344 0.383333 0.125 0.280556 0.418184
13 0.525 0.38125 0.128125 0.281944 0.435226
13 0.525 0.380556 0.13125 0.280556 0.439584
18 0.525391 0.380556 0.119531 0.283333 0.258808
18 0.525391 0.380556 0.117969 0.283333 0.307196
13 0.525 0.38125 0.13125 0.284722 0.317778
13 0.527344 0.384028 0.128125 0.284722 0.396812
13 0.527344 0.384028 0.128125 0.281944 0.404114
13 0.527344 0.383333 0.125 0.280556 0.418184
13 0.525 0.38125 0.128125 0.281944 0.435226
13 0.525 0.380556 0.13125 0.280556 0.439584
