18 0.528125 0.446528 0.173438 0.256944 0.274744
18 0.527734 0.446528 0.161719 0.256944 0.292734
18 0.528125 0.445833 0.167187 0.258333 0.300432
18 0.527734 0.447917 0.161719 0.256944 0.333555
18 0.527734 0.447917 0.158594 0.256944 0.35611
18 0.528516 0.447222 0.167969 0.261111 0.532073
18 0.528906 0.447917 0.167187 0.2625 0.537312
18 0.528516 0.447917 0.161719 0.2625 0.599405
18 0.528125 0.446528 0.173438 0.256944 0.274744
18 0.527734 0.446528 0.161719 0.256944 0.292734
18 0.528125 0.445833 0.167187 0.258333 0.300432
18 0.527734 0.447917 0.161719 0.256944 0.333555
18 0.527734 0.447917 0.158594 0.256944 0.35611
18 0.528516 0.447222 0.167969 0.261111 0.532073
18 0.528906 0.447917 0.167187 0.2625 0.537312
18 0.528516 0.447917 0.161719 0.2625 0.599405
