18 0.491406 0.379167 0.11875 0.197222 0.361696
18 0.491406 0.379861 0.11875 0.193056 0.466503
18 0.491406 0.380556 0.117188 0.194444 0.48711
18 0.491406 0.384028 0.125 0.198611 0.618562
18 0.491406 0.382639 0.125 0.201389 0.684956
18 0.492578 0.377778 0.121094 0.2 0.690478
18 0.491016 0.383333 0.125781 0.2 0.693244
18 0.492188 0.376389 0.120312 0.202778 0.726297
18 0.492188 0.377778 0.11875 0.202778 0.73594
18 0.491406 0.379167 0.11875 0.197222 0.361696
18 0.491406 0.379861 0.11875 0.193056 0.466503
18 0.491406 0.380556 0.117188 0.194444 0.48711
18 0.491406 0.384028 0.125 0.198611 0.618562
18 0.491406 0.382639 0.125 0.201389 0.684956
18 0.492578 0.377778 0.121094 0.2 0.690478
18 0.491016 0.383333 0.125781 0.2 0.693244
18 0.492188 0.376389 0.120312 0.202778 0.726297
18 0.492188 0.377778 0.11875 0.202778 0.73594
