1 0.516406 0.3625 0.096875 0.247222 0.440604
1 0.515625 0.363889 0.0953125 0.244444 0.510229
1 0.516797 0.363194 0.0992187 0.245833 0.534489
1 0.516016 0.363194 0.0945313 0.2375 0.543436
1 0.515625 0.363194 0.0921875 0.231944 0.611483
1 0.516406 0.3625 0.0953125 0.236111 0.634938
1 0.516406 0.3625 0.096875 0.247222 0.440604
1 0.515625 0.363889 0.0953125 0.244444 0.510229
1 0.516797 0.363194 0.0992187 0.245833 0.534489
1 0.516016 0.363194 0.0945313 0.2375 0.543436
1 0.515625 0.363194 0.0921875 0.231944 0.611483
1 0.516406 0.3625 0.0953125 0.236111 0.634938
