18 0.525391 0.554167 0.153906 0.238889 0.325027
18 0.524609 0.553472 0.155469 0.248611 0.40144
18 0.524609 0.552778 0.153906 0.241667 0.408119
18 0.525391 0.553472 0.152344 0.234722 0.443101
18 0.526953 0.547917 0.147656 0.2625 0.453503
18 0.524219 0.554167 0.151562 0.244444 0.467683
18 0.524609 0.554167 0.149219 0.236111 0.489173
18 0.526953 0.547917 0.147656 0.259722 0.49867
18 0.526953 0.547917 0.147656 0.259722 0.506704
18 0.525391 0.554167 0.153906 0.238889 0.325027
18 0.524609 0.553472 0.155469 0.248611 0.40144
18 0.524609 0.552778 0.153906 0.241667 0.408119
18 0.525391 0.553472 0.152344 0.234722 0.443101
18 0.526953 0.547917 0.147656 0.2625 0.453503
18 0.524219 0.554167 0.151562 0.244444 0.467683
18 0.524609 0.554167 0.149219 0.236111 0.489173
18 0.526953 0.547917 0.147656 0.259722 0.49867
18 0.526953 0.547917 0.147656 0.259722 0.506704
