18 0.529688 0.544444 0.146875 0.230556 0.308626
18 0.529688 0.545139 0.142188 0.229167 0.333734
18 0.53125 0.539583 0.146875 0.245833 0.646164
18 0.53125 0.538889 0.145313 0.244444 0.64801
18 0.53125 0.538194 0.145313 0.243056 0.658117
18 0.530469 0.538194 0.146875 0.243056 0.661992
18 0.53125 0.538194 0.142188 0.243056 0.672532
18 0.530859 0.538889 0.142969 0.244444 0.690012
18 0.529688 0.544444 0.146875 0.230556 0.308626
18 0.529688 0.545139 0.142188 0.229167 0.333734
18 0.53125 0.539583 0.146875 0.245833 0.646164
18 0.53125 0.538889 0.145313 0.244444 0.64801
18 0.53125 0.538194 0.145313 0.243056 0.658117
18 0.530469 0.538194 0.146875 0.243056 0.661992
18 0.53125 0.538194 0.142188 0.243056 0.672532
18 0.530859 0.538889 0.142969 0.244444 0.690012
