18 0.491016 0.379167 0.146094 0.213889 0.320575
18 0.491016 0.379861 0.146094 0.209722 0.350484
18 0.491016 0.379861 0.142969 0.209722 0.406172
18 0.491797 0.380556 0.149219 0.213889 0.46142
18 0.491406 0.379167 0.148438 0.216667 0.517655
18 0.491406 0.380556 0.145313 0.216667 0.528375
18 0.491797 0.384722 0.149219 0.211111 0.637605
18 0.492188 0.384028 0.15 0.215278 0.697486
18 0.491797 0.384722 0.149219 0.213889 0.716912
18 0.491016 0.379167 0.146094 0.213889 0.320575
18 0.491016 0.379861 0.146094 0.209722 0.350484
18 0.491016 0.379861 0.142969 0.209722 0.406172
18 0.491797 0.380556 0.149219 0.213889 0.46142
18 0.491406 0.379167 0.148438 0.216667 0.517655
18 0.491406 0.380556 0.145313 0.216667 0.528375
18 0.491797 0.384722 0.149219 0.211111 0.637605
18 0.492188 0.384028 0.15 0.215278 0.697486
18 0.491797 0.384722 0.149219 0.213889 0.716912
