18 0.526172 0.506944 0.160156 0.219444 0.295037
18 0.526563 0.50625 0.160938 0.220833 0.329022
18 0.526172 0.506944 0.158594 0.219444 0.380429
18 0.527344 0.50625 0.159375 0.218056 0.541893
18 0.527734 0.506944 0.160156 0.219444 0.55037
18 0.527344 0.506944 0.154687 0.219444 0.614878
18 0.526172 0.506944 0.160156 0.219444 0.295037
18 0.526563 0.50625 0.160938 0.220833 0.329022
18 0.526172 0.506944 0.158594 0.219444 0.380429
18 0.527344 0.50625 0.159375 0.218056 0.541893
18 0.527734 0.506944 0.160156 0.219444 0.55037
18 0.527344 0.506944 0.154687 0.219444 0.614878
