21 0.523047 0.409722 0.103906 0.208333 0.394014
21 0.523438 0.410417 0.101562 0.209722 0.412863
21 0.519922 0.408333 0.105469 0.208333 0.486687
21 0.519531 0.406944 0.104687 0.211111 0.672875
21 0.519922 0.406944 0.105469 0.208333 0.692888
21 0.519141 0.406944 0.102344 0.208333 0.755937
21 0.519141 0.406944 0.102344 0.208333 0.780938
21 0.519141 0.406944 0.103906 0.208333 0.781149
21 0.523047 0.409722 0.103906 0.208333 0.394014
21 0.523438 0.410417 0.101562 0.209722 0.412863
21 0.519922 0.408333 0.105469 0.208333 0.486687
21 0.519531 0.406944 0.104687 0.211111 0.672875
21 0.519922 0.406944 0.105469 0.208333 0.692888
21 0.519141 0.406944 0.102344 0.208333 0.755937
21 0.519141 0.406944 0.102344 0.208333 0.780938
21 0.519141 0.406944 0.103906 0.208333 0.781149
