1 0.514844 0.374306 0.0953125 0.259722 0.487322
1 0.514453 0.374306 0.0960938 0.259722 0.494514
1 0.515234 0.373611 0.0960938 0.261111 0.52946
1 0.514844 0.375 0.09375 0.258333 0.556831
1 0.514453 0.374306 0.0945313 0.256944 0.617055
1 0.515234 0.374306 0.0976562 0.259722 0.633384
1 0.514844 0.374306 0.0953125 0.259722 0.487322
1 0.514453 0.374306 0.0960938 0.259722 0.494514
1 0.515234 0.373611 0.0960938 0.261111 0.52946
1 0.514844 0.375 0.09375 0.258333 0.556831
1 0.514453 0.374306 0.0945313 0.256944 0.617055
1 0.515234 0.374306 0.0976562 0.259722 0.633384
