13 0.517969 0.444444 0.08125 0.383333 0.296847
13 0.517969 0.44375 0.08125 0.3875 0.368525
1 0.517969 0.44375 0.0796875 0.381944 0.398568
1 0.51875 0.445139 0.0796875 0.398611 0.669367
1 0.517969 0.445139 0.078125 0.393056 0.728642
1 0.518359 0.444444 0.0804688 0.394444 0.732371
13 0.517969 0.444444 0.08125 0.383333 0.296847
13 0.517969 0.44375 0.08125 0.3875 0.368525
1 0.517969 0.44375 0.0796875 0.381944 0.398568
1 0.51875 0.445139 0.0796875 0.398611 0.669367
1 0.517969 0.445139 0.078125 0.393056 0.728642
1 0.518359 0.444444 0.0804688 0.394444 0.732371
