18 0.527344 0.550694 0.1375 0.234722 0.375842
18 0.526953 0.551389 0.133594 0.236111 0.403192
18 0.529297 0.54375 0.135156 0.270833 0.530201
18 0.529297 0.54375 0.133594 0.268056 0.549433
18 0.529297 0.543056 0.135156 0.269444 0.555183
18 0.528516 0.547222 0.138281 0.261111 0.577227
18 0.528125 0.545139 0.1375 0.256944 0.582774
18 0.528125 0.546528 0.134375 0.256944 0.591823
18 0.527344 0.550694 0.1375 0.234722 0.375842
18 0.526953 0.551389 0.133594 0.236111 0.403192
18 0.529297 0.54375 0.135156 0.270833 0.530201
18 0.529297 0.54375 0.133594 0.268056 0.549433
18 0.529297 0.543056 0.135156 0.269444 0.555183
18 0.528516 0.547222 0.138281 0.261111 0.577227
18 0.528125 0.545139 0.1375 0.256944 0.582774
18 0.528125 0.546528 0.134375 0.256944 0.591823
