13 0.512109 0.433333 0.0820312 0.538889 0.290041
13 0.5125 0.433333 0.0796875 0.530556 0.338314
13 0.512109 0.432639 0.0820312 0.534722 0.3858
1 0.515234 0.431944 0.0773437 0.547222 0.556494
1 0.515625 0.432639 0.078125 0.5375 0.56946
1 0.515625 0.433333 0.0765625 0.536111 0.633832
13 0.512109 0.433333 0.0820312 0.538889 0.290041
13 0.5125 0.433333 0.0796875 0.530556 0.338314
13 0.512109 0.432639 0.0820312 0.534722 0.3858
1 0.515234 0.431944 0.0773437 0.547222 0.556494
1 0.515625 0.432639 0.078125 0.5375 0.56946
1 0.515625 0.433333 0.0765625 0.536111 0.633832
