21 0.517187 0.445833 0.103125 0.197222 0.468708
21 0.515234 0.450694 0.105469 0.193056 0.500872
21 0.515234 0.449306 0.107031 0.193056 0.515422
21 0.516016 0.447917 0.107031 0.193056 0.619775
21 0.516797 0.447222 0.102344 0.191667 0.677488
21 0.516797 0.447917 0.103906 0.190278 0.693418
21 0.516016 0.447917 0.103906 0.1875 0.787757
21 0.516016 0.447222 0.107031 0.186111 0.808317
21 0.517187 0.445833 0.103125 0.197222 0.468708
21 0.515234 0.450694 0.105469 0.193056 0.500872
21 0.515234 0.449306 0.107031 0.193056 0.515422
21 0.516016 0.447917 0.107031 0.193056 0.619775
21 0.516797 0.447222 0.102344 0.191667 0.677488
21 0.516797 0.447917 0.103906 0.190278 0.693418
21 0.516016 0.447917 0.103906 0.1875 0.787757
21 0.516016 0.447222 0.107031 0.186111 0.808317
