1 0.518359 0.366667 0.0945313 0.266667 0.519457
1 0.517578 0.368056 0.0929687 0.263889 0.590659
1 0.518359 0.367361 0.0960938 0.265278 0.615326
1 0.517578 0.366667 0.0929687 0.263889 0.617704
1 0.517578 0.368056 0.0914062 0.261111 0.659304
1 0.517969 0.367361 0.09375 0.2625 0.675438
1 0.518359 0.366667 0.0945313 0.266667 0.519457
1 0.517578 0.368056 0.0929687 0.263889 0.590659
1 0.518359 0.367361 0.0960938 0.265278 0.615326
1 0.517578 0.366667 0.0929687 0.263889 0.617704
1 0.517578 0.368056 0.0914062 0.261111 0.659304
1 0.517969 0.367361 0.09375 0.2625 0.675438
