13 0.525391 0.396528 0.153906 0.2875 0.367214
13 0.525 0.396528 0.15 0.281944 0.378517
13 0.523828 0.397222 0.152344 0.286111 0.39846
13 0.525391 0.396528 0.152344 0.281944 0.410251
13 0.523828 0.397222 0.147656 0.283333 0.470056
13 0.524219 0.395833 0.151562 0.283333 0.522704
13 0.525391 0.396528 0.153906 0.2875 0.367214
13 0.525 0.396528 0.15 0.281944 0.378517
13 0.523828 0.397222 0.152344 0.286111 0.39846
13 0.525391 0.396528 0.152344 0.281944 0.410251
13 0.523828 0.397222 0.147656 0.283333 0.470056
13 0.524219 0.395833 0.151562 0.283333 0.522704
