1 0.521875 0.352083 0.09375 0.243056 0.420898
1 0.522266 0.349306 0.0960938 0.254167 0.43033
1 0.521875 0.352083 0.0953125 0.248611 0.47932
1 0.522656 0.350694 0.096875 0.251389 0.487248
1 0.521484 0.352778 0.0914062 0.241667 0.509859
1 0.522266 0.352083 0.0945313 0.243056 0.517777
1 0.521875 0.352083 0.09375 0.243056 0.420898
1 0.522266 0.349306 0.0960938 0.254167 0.43033
1 0.521875 0.352083 0.0953125 0.248611 0.47932
1 0.522656 0.350694 0.096875 0.251389 0.487248
1 0.521484 0.352778 0.0914062 0.241667 0.509859
1 0.522266 0.352083 0.0945313 0.243056 0.517777
