18 0.496875 0.423611 0.134375 0.308333 0.251765
18 0.494922 0.422917 0.130469 0.309722 0.517695
18 0.494922 0.420833 0.132031 0.297222 0.597397
18 0.494141 0.421528 0.130469 0.306944 0.662374
18 0.494141 0.421528 0.127344 0.306944 0.683461
18 0.494141 0.420833 0.130469 0.3 0.69468
18 0.494922 0.418056 0.130469 0.294444 0.714363
18 0.494141 0.421528 0.130469 0.298611 0.724175
18 0.494922 0.41875 0.130469 0.304167 0.77295
18 0.494922 0.41875 0.132031 0.298611 0.785309
18 0.496875 0.423611 0.134375 0.308333 0.251765
18 0.494922 0.422917 0.130469 0.309722 0.517695
18 0.494922 0.420833 0.132031 0.297222 0.597397
18 0.494141 0.421528 0.130469 0.306944 0.662374
18 0.494141 0.421528 0.127344 0.306944 0.683461
18 0.494141 0.420833 0.130469 0.3 0.69468
18 0.494922 0.418056 0.130469 0.294444 0.714363
18 0.494141 0.421528 0.130469 0.298611 0.724175
18 0.494922 0.41875 0.130469 0.304167 0.77295
18 0.494922 0.41875 0.132031 0.298611 0.785309
