45 0.417969 0.268056 0.1 0.236111 0.251279
45 0.419922 0.268056 0.0976562 0.241667 0.271012
45 0.419922 0.26875 0.0992187 0.240278 0.32062
45 0.420312 0.269444 0.0953125 0.244444 0.328674
45 0.418359 0.26875 0.0992187 0.229167 0.356936
45 0.418359 0.26875 0.0960938 0.234722 0.386158
45 0.417969 0.268056 0.1 0.236111 0.251279
45 0.419922 0.268056 0.0976562 0.241667 0.271012
45 0.419922 0.26875 0.0992187 0.240278 0.32062
45 0.420312 0.269444 0.0953125 0.244444 0.328674
45 0.418359 0.26875 0.0992187 0.229167 0.356936
45 0.418359 0.26875 0.0960938 0.234722 0.386158
