1 0.514844 0.458333 0.08125 0.441667 0.274763
13 0.51875 0.454861 0.08125 0.456944 0.528193
13 0.51875 0.455556 0.08125 0.463889 0.574654
1 0.519141 0.451389 0.0804688 0.475 0.597721
1 0.519141 0.454861 0.0804688 0.454167 0.619596
1 0.519531 0.452083 0.0796875 0.4625 0.625089
1 0.519531 0.452083 0.08125 0.4625 0.633948
1 0.514844 0.458333 0.08125 0.441667 0.274763
13 0.51875 0.454861 0.08125 0.456944 0.528193
13 0.51875 0.455556 0.08125 0.463889 0.574654
1 0.519141 0.451389 0.0804688 0.475 0.597721
1 0.519141 0.454861 0.0804688 0.454167 0.619596
1 0.519531 0.452083 0.0796875 0.4625 0.625089
1 0.519531 0.452083 0.08125 0.4625 0.633948
