13 0.511719 0.434028 0.0828125 0.526389 0.266554
13 0.512109 0.433333 0.0820312 0.516667 0.297179
13 0.511719 0.432639 0.0828125 0.520833 0.344237
1 0.514844 0.43125 0.078125 0.5375 0.616911
1 0.514453 0.43125 0.0789063 0.526389 0.623919
1 0.515234 0.432639 0.0773437 0.526389 0.661348
13 0.511719 0.434028 0.0828125 0.526389 0.266554
13 0.512109 0.433333 0.0820312 0.516667 0.297179
13 0.511719 0.432639 0.0828125 0.520833 0.344237
1 0.514844 0.43125 0.078125 0.5375 0.616911
1 0.514453 0.43125 0.0789063 0.526389 0.623919
1 0.515234 0.432639 0.0773437 0.526389 0.661348
