21 0.512891 0.461806 0.0898438 0.3875 0.257802
21 0.514063 0.45625 0.0859375 0.381944 0.281372
21 0.513281 0.463194 0.090625 0.381944 0.296146
21 0.513281 0.463194 0.0859375 0.381944 0.343166
21 0.514453 0.460417 0.0851562 0.3875 0.458754
21 0.514063 0.457639 0.0875 0.376389 0.485572
21 0.514453 0.457639 0.0851562 0.376389 0.488857
21 0.514453 0.460417 0.0835937 0.379167 0.490524
21 0.514063 0.459722 0.0859375 0.380556 0.543455
21 0.512891 0.461806 0.0898438 0.3875 0.257802
21 0.514063 0.45625 0.0859375 0.381944 0.281372
21 0.513281 0.463194 0.090625 0.381944 0.296146
21 0.513281 0.463194 0.0859375 0.381944 0.343166
21 0.514453 0.460417 0.0851562 0.3875 0.458754
21 0.514063 0.457639 0.0875 0.376389 0.485572
21 0.514453 0.457639 0.0851562 0.376389 0.488857
21 0.514453 0.460417 0.0835937 0.379167 0.490524
21 0.514063 0.459722 0.0859375 0.380556 0.543455
