21 0.511328 0.443056 0.0992187 0.388889 0.400126
21 0.511328 0.443056 0.0960938 0.388889 0.400632
1 0.512891 0.436111 0.0914062 0.388889 0.412789
21 0.5125 0.436111 0.0921875 0.386111 0.455588
1 0.5125 0.436111 0.090625 0.383333 0.492484
21 0.512891 0.438889 0.0929687 0.383333 0.67033
21 0.512891 0.439583 0.0914062 0.379167 0.689536
21 0.5125 0.438889 0.09375 0.380556 0.721583
21 0.511328 0.443056 0.0992187 0.388889 0.400126
21 0.511328 0.443056 0.0960938 0.388889 0.400632
1 0.512891 0.436111 0.0914062 0.388889 0.412789
21 0.5125 0.436111 0.0921875 0.386111 0.455588
1 0.5125 0.436111 0.090625 0.383333 0.492484
21 0.512891 0.438889 0.0929687 0.383333 0.67033
21 0.512891 0.439583 0.0914062 0.379167 0.689536
21 0.5125 0.438889 0.09375 0.380556 0.721583
