18 0.495703 0.428472 0.141406 0.329167 0.350718
18 0.494922 0.429167 0.139844 0.327778 0.38289
18 0.494531 0.423611 0.140625 0.316667 0.451724
18 0.494141 0.427083 0.142969 0.326389 0.542253
18 0.494531 0.428472 0.140625 0.3375 0.581367
18 0.494531 0.423611 0.140625 0.322222 0.581686
18 0.494141 0.423611 0.139844 0.316667 0.590261
18 0.49375 0.427083 0.142188 0.326389 0.650903
18 0.49375 0.427083 0.140625 0.331944 0.651441
18 0.494531 0.427083 0.140625 0.326389 0.674519
18 0.494141 0.427778 0.136719 0.333333 0.677688
18 0.495703 0.428472 0.141406 0.329167 0.350718
18 0.494922 0.429167 0.139844 0.327778 0.38289
18 0.494531 0.423611 0.140625 0.316667 0.451724
18 0.494141 0.427083 0.142969 0.326389 0.542253
18 0.494531 0.428472 0.140625 0.3375 0.581367
18 0.494531 0.423611 0.140625 0.322222 0.581686
18 0.494141 0.423611 0.139844 0.316667 0.590261
18 0.49375 0.427083 0.142188 0.326389 0.650903
18 0.49375 0.427083 0.140625 0.331944 0.651441
18 0.494531 0.427083 0.140625 0.326389 0.674519
18 0.494141 0.427778 0.136719 0.333333 0.677688
