68 0.562891 0.503472 0.141406 0.426389 0.295289
68 0.566016 0.527083 0.142969 0.423611 0.400769
68 0.562891 0.504861 0.142969 0.420833 0.433636
68 0.564453 0.520139 0.144531 0.454167 0.43376
68 0.566016 0.527083 0.147656 0.434722 0.454331
68 0.563672 0.50625 0.141406 0.418056 0.464543
68 0.564453 0.518056 0.142969 0.438889 0.490293
68 0.564844 0.515972 0.142188 0.431944 0.505519
68 0.562891 0.503472 0.141406 0.426389 0.295289
68 0.566016 0.527083 0.142969 0.423611 0.400769
68 0.562891 0.504861 0.142969 0.420833 0.433636
68 0.564453 0.520139 0.144531 0.454167 0.43376
68 0.566016 0.527083 0.147656 0.434722 0.454331
68 0.563672 0.50625 0.141406 0.418056 0.464543
68 0.564453 0.518056 0.142969 0.438889 0.490293
68 0.564844 0.515972 0.142188 0.431944 0.505519
