21 0.516797 0.447222 0.103906 0.194444 0.455137
21 0.514844 0.450694 0.10625 0.190278 0.517327
21 0.515234 0.448611 0.107031 0.188889 0.541536
21 0.516016 0.448611 0.107031 0.191667 0.618239
21 0.516406 0.448611 0.103125 0.188889 0.66613
21 0.516797 0.448611 0.103906 0.188889 0.6867
21 0.515625 0.448611 0.104687 0.186111 0.784568
21 0.515625 0.447222 0.107813 0.183333 0.806294
21 0.516797 0.447222 0.103906 0.194444 0.455137
21 0.514844 0.450694 0.10625 0.190278 0.517327
21 0.515234 0.448611 0.107031 0.188889 0.541536
21 0.516016 0.448611 0.107031 0.191667 0.618239
21 0.516406 0.448611 0.103125 0.188889 0.66613
21 0.516797 0.448611 0.103906 0.188889 0.6867
21 0.515625 0.448611 0.104687 0.186111 0.784568
21 0.515625 0.447222 0.107813 0.183333 0.806294
