18 0.492188 0.4375 0.159375 0.358333 0.34252
18 0.49375 0.434722 0.160938 0.366667 0.385476
18 0.492578 0.436806 0.158594 0.354167 0.430116
18 0.491797 0.436111 0.155469 0.355556 0.449436
18 0.492578 0.435417 0.160156 0.359722 0.456795
18 0.493359 0.434722 0.160156 0.361111 0.479789
18 0.492969 0.434722 0.15625 0.361111 0.511792
18 0.492188 0.436111 0.159375 0.358333 0.56528
18 0.492578 0.435417 0.157031 0.359722 0.591884
18 0.492188 0.4375 0.159375 0.358333 0.34252
18 0.49375 0.434722 0.160938 0.366667 0.385476
18 0.492578 0.436806 0.158594 0.354167 0.430116
18 0.491797 0.436111 0.155469 0.355556 0.449436
18 0.492578 0.435417 0.160156 0.359722 0.456795
18 0.493359 0.434722 0.160156 0.361111 0.479789
18 0.492969 0.434722 0.15625 0.361111 0.511792
18 0.492188 0.436111 0.159375 0.358333 0.56528
18 0.492578 0.435417 0.157031 0.359722 0.591884
