18 0.572656 0.660417 0.2375 0.329167 0.38034
18 0.572266 0.660417 0.238281 0.323611 0.444606
18 0.572266 0.659722 0.235156 0.322222 0.503224
18 0.570703 0.661806 0.236719 0.306944 0.600977
18 0.571094 0.661806 0.235938 0.309722 0.613448
18 0.570312 0.661806 0.232812 0.306944 0.624185
18 0.572656 0.660417 0.2375 0.329167 0.38034
18 0.572266 0.660417 0.238281 0.323611 0.444606
18 0.572266 0.659722 0.235156 0.322222 0.503224
18 0.570703 0.661806 0.236719 0.306944 0.600977
18 0.571094 0.661806 0.235938 0.309722 0.613448
18 0.570312 0.661806 0.232812 0.306944 0.624185
