18 0.491797 0.38125 0.111719 0.195833 0.378208
18 0.491797 0.381944 0.111719 0.194444 0.514151
18 0.492188 0.382639 0.109375 0.193056 0.535023
18 0.491797 0.384722 0.116406 0.197222 0.68781
18 0.492969 0.379861 0.1125 0.201389 0.720368
18 0.491406 0.384722 0.117188 0.2 0.730865
18 0.492188 0.379167 0.1125 0.205556 0.740421
18 0.491797 0.384722 0.116406 0.2 0.745584
18 0.492578 0.379861 0.110156 0.204167 0.754828
18 0.491797 0.38125 0.111719 0.195833 0.378208
18 0.491797 0.381944 0.111719 0.194444 0.514151
18 0.492188 0.382639 0.109375 0.193056 0.535023
18 0.491797 0.384722 0.116406 0.197222 0.68781
18 0.492969 0.379861 0.1125 0.201389 0.720368
18 0.491406 0.384722 0.117188 0.2 0.730865
18 0.492188 0.379167 0.1125 0.205556 0.740421
18 0.491797 0.384722 0.116406 0.2 0.745584
18 0.492578 0.379861 0.110156 0.204167 0.754828
