1 0.51875 0.4375 0.0828125 0.375 0.338054
13 0.51875 0.436806 0.084375 0.379167 0.363154
21 0.518359 0.436806 0.0851562 0.376389 0.373326
1 0.519531 0.434028 0.0828125 0.390278 0.730002
1 0.519141 0.435417 0.0820312 0.384722 0.756574
1 0.519141 0.434722 0.0835937 0.386111 0.758962
1 0.51875 0.4375 0.0828125 0.375 0.338054
13 0.51875 0.436806 0.084375 0.379167 0.363154
21 0.518359 0.436806 0.0851562 0.376389 0.373326
1 0.519531 0.434028 0.0828125 0.390278 0.730002
1 0.519141 0.435417 0.0820312 0.384722 0.756574
1 0.519141 0.434722 0.0835937 0.386111 0.758962
