17 0.524609 0.55625 0.175781 0.245833 0.254524
18 0.525391 0.557639 0.175781 0.243056 0.261401
18 0.524219 0.556944 0.170312 0.241667 0.296636
18 0.526172 0.551389 0.171094 0.258333 0.316552
18 0.525391 0.55625 0.174219 0.2375 0.333081
18 0.526172 0.552083 0.171094 0.254167 0.366854
18 0.525 0.556944 0.170312 0.238889 0.383956
18 0.526172 0.552778 0.169531 0.255556 0.403978
17 0.524609 0.55625 0.175781 0.245833 0.254524
18 0.525391 0.557639 0.175781 0.243056 0.261401
18 0.524219 0.556944 0.170312 0.241667 0.296636
18 0.526172 0.551389 0.171094 0.258333 0.316552
18 0.525391 0.55625 0.174219 0.2375 0.333081
18 0.526172 0.552083 0.171094 0.254167 0.366854
18 0.525 0.556944 0.170312 0.238889 0.383956
18 0.526172 0.552778 0.169531 0.255556 0.403978
