18 0.525 0.511111 0.104687 0.419444 0.294164
18 0.525391 0.510417 0.105469 0.429167 0.319572
18 0.527344 0.507639 0.10625 0.434722 0.325832
18 0.527734 0.506944 0.105469 0.441667 0.371552
18 0.527344 0.507639 0.103125 0.431944 0.388264
18 0.525781 0.511111 0.101562 0.419444 0.388388
18 0.525 0.511111 0.104687 0.419444 0.294164
18 0.525391 0.510417 0.105469 0.429167 0.319572
18 0.527344 0.507639 0.10625 0.434722 0.325832
18 0.527734 0.506944 0.105469 0.441667 0.371552
18 0.527344 0.507639 0.103125 0.431944 0.388264
18 0.525781 0.511111 0.101562 0.419444 0.388388
