18 0.529688 0.552778 0.146875 0.241667 0.377924
18 0.530078 0.552778 0.146094 0.244444 0.388754
18 0.530078 0.552778 0.141406 0.241667 0.447734
18 0.530469 0.544444 0.145313 0.263889 0.450063
18 0.530078 0.545139 0.144531 0.268056 0.465797
18 0.530469 0.545139 0.142188 0.2625 0.502384
18 0.529688 0.552778 0.146875 0.241667 0.377924
18 0.530078 0.552778 0.146094 0.244444 0.388754
18 0.530078 0.552778 0.141406 0.241667 0.447734
18 0.530469 0.544444 0.145313 0.263889 0.450063
18 0.530078 0.545139 0.144531 0.268056 0.465797
18 0.530469 0.545139 0.142188 0.2625 0.502384
