13 0.514844 0.457639 0.084375 0.429167 0.273534
13 0.514453 0.455556 0.0851562 0.433333 0.313642
1 0.515234 0.457639 0.0789063 0.426389 0.384948
1 0.51875 0.454167 0.0796875 0.452778 0.564459
1 0.518359 0.456944 0.0804688 0.436111 0.598445
1 0.518359 0.455556 0.0773437 0.441667 0.621545
1 0.51875 0.455556 0.0796875 0.441667 0.633433
13 0.51875 0.456944 0.0796875 0.441667 0.676246
1 0.51875 0.456944 0.078125 0.433333 0.720713
13 0.514844 0.457639 0.084375 0.429167 0.273534
13 0.514453 0.455556 0.0851562 0.433333 0.313642
1 0.515234 0.457639 0.0789063 0.426389 0.384948
1 0.51875 0.454167 0.0796875 0.452778 0.564459
1 0.518359 0.456944 0.0804688 0.436111 0.598445
1 0.518359 0.455556 0.0773437 0.441667 0.621545
1 0.51875 0.455556 0.0796875 0.441667 0.633433
13 0.51875 0.456944 0.0796875 0.441667 0.676246
1 0.51875 0.456944 0.078125 0.433333 0.720713
