13 0.514063 0.454861 0.090625 0.420833 0.25708
1 0.514844 0.454167 0.0859375 0.419444 0.279681
13 0.514063 0.452778 0.090625 0.425 0.283242
13 0.517187 0.453472 0.084375 0.423611 0.525925
13 0.517578 0.453472 0.0851562 0.429167 0.600721
1 0.517969 0.453472 0.0828125 0.420833 0.603056
1 0.517578 0.450694 0.0835937 0.4375 0.648314
1 0.517187 0.451389 0.0828125 0.427778 0.708532
1 0.517187 0.452083 0.084375 0.429167 0.716983
13 0.514063 0.454861 0.090625 0.420833 0.25708
1 0.514844 0.454167 0.0859375 0.419444 0.279681
13 0.514063 0.452778 0.090625 0.425 0.283242
13 0.517187 0.453472 0.084375 0.423611 0.525925
13 0.517578 0.453472 0.0851562 0.429167 0.600721
1 0.517969 0.453472 0.0828125 0.420833 0.603056
1 0.517578 0.450694 0.0835937 0.4375 0.648314
1 0.517187 0.451389 0.0828125 0.427778 0.708532
1 0.517187 0.452083 0.084375 0.429167 0.716983
