18 0.503906 0.377083 0.129688 0.218056 0.28538
40 0.504297 0.373611 0.128906 0.216667 0.310899
18 0.504297 0.376389 0.128906 0.219444 0.352774
18 0.503906 0.376389 0.128125 0.219444 0.375313
40 0.504297 0.374306 0.128906 0.218056 0.405261
40 0.504297 0.374306 0.128906 0.218056 0.488286
18 0.503906 0.377083 0.129688 0.218056 0.28538
40 0.504297 0.373611 0.128906 0.216667 0.310899
18 0.504297 0.376389 0.128906 0.219444 0.352774
18 0.503906 0.376389 0.128125 0.219444 0.375313
40 0.504297 0.374306 0.128906 0.218056 0.405261
40 0.504297 0.374306 0.128906 0.218056 0.488286
