21 0.5125 0.444444 0.110937 0.222222 0.479212
21 0.5125 0.445139 0.109375 0.223611 0.48044
21 0.5125 0.441667 0.104687 0.213889 0.620758
21 0.511719 0.444444 0.110937 0.216667 0.725197
21 0.5125 0.441667 0.10625 0.216667 0.72933
21 0.5125 0.441667 0.10625 0.216667 0.731503
21 0.511719 0.445139 0.109375 0.215278 0.771192
21 0.512109 0.44375 0.111719 0.2125 0.772311
21 0.5125 0.444444 0.110937 0.222222 0.479212
21 0.5125 0.445139 0.109375 0.223611 0.48044
21 0.5125 0.441667 0.104687 0.213889 0.620758
21 0.511719 0.444444 0.110937 0.216667 0.725197
21 0.5125 0.441667 0.10625 0.216667 0.72933
21 0.5125 0.441667 0.10625 0.216667 0.731503
21 0.511719 0.445139 0.109375 0.215278 0.771192
21 0.512109 0.44375 0.111719 0.2125 0.772311
