18 0.525781 0.552083 0.16875 0.256944 0.267318
18 0.524609 0.55625 0.171094 0.243056 0.3162
18 0.523828 0.555556 0.171094 0.247222 0.317248
18 0.526172 0.552083 0.167969 0.251389 0.318688
18 0.523828 0.555556 0.169531 0.238889 0.332663
18 0.526172 0.552778 0.166406 0.255556 0.343963
18 0.523438 0.555556 0.167187 0.241667 0.397788
18 0.524609 0.555556 0.169531 0.236111 0.413389
18 0.523438 0.555556 0.165625 0.238889 0.456992
18 0.525781 0.552083 0.16875 0.256944 0.267318
18 0.524609 0.55625 0.171094 0.243056 0.3162
18 0.523828 0.555556 0.171094 0.247222 0.317248
18 0.526172 0.552083 0.167969 0.251389 0.318688
18 0.523828 0.555556 0.169531 0.238889 0.332663
18 0.526172 0.552778 0.166406 0.255556 0.343963
18 0.523438 0.555556 0.167187 0.241667 0.397788
18 0.524609 0.555556 0.169531 0.236111 0.413389
18 0.523438 0.555556 0.165625 0.238889 0.456992
