13 0.51875 0.447917 0.08125 0.409722 0.480028
1 0.519141 0.447917 0.0804688 0.406944 0.485446
13 0.51875 0.447917 0.08125 0.415278 0.54922
1 0.519141 0.445833 0.0804688 0.427778 0.65401
1 0.51875 0.446528 0.08125 0.420833 0.70364
1 0.519141 0.447222 0.0804688 0.419444 0.709665
13 0.51875 0.447917 0.08125 0.409722 0.480028
1 0.519141 0.447917 0.0804688 0.406944 0.485446
13 0.51875 0.447917 0.08125 0.415278 0.54922
1 0.519141 0.445833 0.0804688 0.427778 0.65401
1 0.51875 0.446528 0.08125 0.420833 0.70364
1 0.519141 0.447222 0.0804688 0.419444 0.709665
