21 0.514844 0.44375 0.107813 0.179167 0.310098
21 0.514453 0.445139 0.107031 0.181944 0.31806
21 0.516797 0.438889 0.105469 0.183333 0.425934
21 0.516016 0.441667 0.110156 0.180556 0.491827
21 0.516797 0.440278 0.105469 0.180556 0.621615
21 0.516797 0.440278 0.103906 0.180556 0.637606
21 0.516016 0.442361 0.107031 0.176389 0.742977
21 0.516016 0.440972 0.110156 0.173611 0.750294
21 0.514844 0.44375 0.107813 0.179167 0.310098
21 0.514453 0.445139 0.107031 0.181944 0.31806
21 0.516797 0.438889 0.105469 0.183333 0.425934
21 0.516016 0.441667 0.110156 0.180556 0.491827
21 0.516797 0.440278 0.105469 0.180556 0.621615
21 0.516797 0.440278 0.103906 0.180556 0.637606
21 0.516016 0.442361 0.107031 0.176389 0.742977
21 0.516016 0.440972 0.110156 0.173611 0.750294
