40 0.492188 0.382639 0.190625 0.2375 0.313546
40 0.492188 0.382639 0.189063 0.2375 0.325747
40 0.491406 0.380556 0.190625 0.230556 0.332506
40 0.491406 0.38125 0.192188 0.229167 0.342475
40 0.491406 0.386806 0.196875 0.240278 0.362195
40 0.491406 0.386111 0.19375 0.244444 0.451247
40 0.491797 0.386806 0.196094 0.245833 0.455797
40 0.492188 0.382639 0.190625 0.2375 0.313546
40 0.492188 0.382639 0.189063 0.2375 0.325747
40 0.491406 0.380556 0.190625 0.230556 0.332506
40 0.491406 0.38125 0.192188 0.229167 0.342475
40 0.491406 0.386806 0.196875 0.240278 0.362195
40 0.491406 0.386111 0.19375 0.244444 0.451247
40 0.491797 0.386806 0.196094 0.245833 0.455797
