18 0.525391 0.556944 0.163281 0.238889 0.326909
18 0.524609 0.555556 0.164844 0.244444 0.347248
18 0.524609 0.555556 0.163281 0.238889 0.358305
18 0.526563 0.55 0.157813 0.258333 0.387365
18 0.523828 0.556944 0.160156 0.241667 0.421564
18 0.525391 0.555556 0.161719 0.233333 0.426542
18 0.526563 0.55 0.157813 0.255556 0.451769
18 0.526953 0.551389 0.157031 0.255556 0.462624
18 0.524609 0.556944 0.158594 0.236111 0.475139
18 0.525391 0.556944 0.163281 0.238889 0.326909
18 0.524609 0.555556 0.164844 0.244444 0.347248
18 0.524609 0.555556 0.163281 0.238889 0.358305
18 0.526563 0.55 0.157813 0.258333 0.387365
18 0.523828 0.556944 0.160156 0.241667 0.421564
18 0.525391 0.555556 0.161719 0.233333 0.426542
18 0.526563 0.55 0.157813 0.255556 0.451769
18 0.526953 0.551389 0.157031 0.255556 0.462624
18 0.524609 0.556944 0.158594 0.236111 0.475139
