1 0.514844 0.447222 0.078125 0.433333 0.264877
1 0.517578 0.441667 0.0789063 0.430556 0.511583
1 0.517969 0.440972 0.078125 0.4375 0.565382
1 0.517969 0.442361 0.0765625 0.429167 0.649644
1 0.518359 0.440972 0.0757812 0.445833 0.769859
1 0.517969 0.440278 0.0765625 0.455556 0.782182
1 0.518359 0.440278 0.0773437 0.447222 0.782605
1 0.514844 0.447222 0.078125 0.433333 0.264877
1 0.517578 0.441667 0.0789063 0.430556 0.511583
1 0.517969 0.440972 0.078125 0.4375 0.565382
1 0.517969 0.442361 0.0765625 0.429167 0.649644
1 0.518359 0.440972 0.0757812 0.445833 0.769859
1 0.517969 0.440278 0.0765625 0.455556 0.782182
1 0.518359 0.440278 0.0773437 0.447222 0.782605
