18 0.491406 0.379861 0.15625 0.215278 0.37908
18 0.491406 0.379167 0.15625 0.219444 0.432008
18 0.491016 0.379861 0.153906 0.218056 0.448388
18 0.491406 0.384028 0.157813 0.2125 0.616154
18 0.491406 0.383333 0.157813 0.213889 0.683772
18 0.491406 0.383333 0.157813 0.213889 0.695784
18 0.491406 0.379861 0.15625 0.215278 0.37908
18 0.491406 0.379167 0.15625 0.219444 0.432008
18 0.491016 0.379861 0.153906 0.218056 0.448388
18 0.491406 0.384028 0.157813 0.2125 0.616154
18 0.491406 0.383333 0.157813 0.213889 0.683772
18 0.491406 0.383333 0.157813 0.213889 0.695784
