21 0.517578 0.432639 0.105469 0.179167 0.269977
21 0.517969 0.433333 0.10625 0.177778 0.410454
21 0.517187 0.436806 0.110937 0.176389 0.440836
21 0.517578 0.433333 0.103906 0.177778 0.465879
21 0.517578 0.436111 0.110156 0.172222 0.712966
21 0.517187 0.436806 0.107813 0.173611 0.717319
21 0.517578 0.432639 0.105469 0.179167 0.269977
21 0.517969 0.433333 0.10625 0.177778 0.410454
21 0.517187 0.436806 0.110937 0.176389 0.440836
21 0.517578 0.433333 0.103906 0.177778 0.465879
21 0.517578 0.436111 0.110156 0.172222 0.712966
21 0.517187 0.436806 0.107813 0.173611 0.717319
