45 0.419922 0.269444 0.0992187 0.241667 0.324956
45 0.419141 0.267361 0.102344 0.234722 0.344354
45 0.420312 0.270833 0.1 0.241667 0.381287
45 0.420703 0.270833 0.0976562 0.244444 0.38954
45 0.419141 0.269444 0.102344 0.230556 0.45478
45 0.419141 0.26875 0.0992187 0.234722 0.478357
45 0.419922 0.269444 0.0992187 0.241667 0.324956
45 0.419141 0.267361 0.102344 0.234722 0.344354
45 0.420312 0.270833 0.1 0.241667 0.381287
45 0.420703 0.270833 0.0976562 0.244444 0.38954
45 0.419141 0.269444 0.102344 0.230556 0.45478
45 0.419141 0.26875 0.0992187 0.234722 0.478357
