1 0.520312 0.438194 0.0828125 0.3875 0.325525
13 0.519922 0.438889 0.0851562 0.388889 0.355575
13 0.520312 0.438194 0.084375 0.393056 0.431279
1 0.520312 0.436111 0.0828125 0.402778 0.690386
1 0.520312 0.436111 0.0828125 0.397222 0.718215
1 0.520312 0.436806 0.08125 0.395833 0.729355
1 0.520312 0.438194 0.0828125 0.3875 0.325525
13 0.519922 0.438889 0.0851562 0.388889 0.355575
13 0.520312 0.438194 0.084375 0.393056 0.431279
1 0.520312 0.436111 0.0828125 0.402778 0.690386
1 0.520312 0.436111 0.0828125 0.397222 0.718215
1 0.520312 0.436806 0.08125 0.395833 0.729355
