40 0.501953 0.38125 0.149219 0.231944 0.271082
40 0.503516 0.378472 0.147656 0.220833 0.5196
40 0.503516 0.379167 0.149219 0.222222 0.530382
40 0.502734 0.382639 0.152344 0.229167 0.547077
40 0.502734 0.382639 0.150781 0.229167 0.563706
40 0.502734 0.382639 0.149219 0.229167 0.584986
40 0.501953 0.38125 0.149219 0.231944 0.271082
40 0.503516 0.378472 0.147656 0.220833 0.5196
40 0.503516 0.379167 0.149219 0.222222 0.530382
40 0.502734 0.382639 0.152344 0.229167 0.547077
40 0.502734 0.382639 0.150781 0.229167 0.563706
40 0.502734 0.382639 0.149219 0.229167 0.584986
