21 0.514453 0.447222 0.107031 0.186111 0.480227
21 0.514844 0.445833 0.107813 0.186111 0.495572
21 0.516016 0.441667 0.103906 0.191667 0.536747
21 0.514844 0.444444 0.107813 0.186111 0.602982
21 0.515625 0.443056 0.103125 0.186111 0.725349
21 0.516016 0.443056 0.103906 0.186111 0.73564
21 0.515234 0.444444 0.105469 0.180556 0.807474
21 0.515234 0.443056 0.108594 0.177778 0.823397
21 0.514453 0.447222 0.107031 0.186111 0.480227
21 0.514844 0.445833 0.107813 0.186111 0.495572
21 0.516016 0.441667 0.103906 0.191667 0.536747
21 0.514844 0.444444 0.107813 0.186111 0.602982
21 0.515625 0.443056 0.103125 0.186111 0.725349
21 0.516016 0.443056 0.103906 0.186111 0.73564
21 0.515234 0.444444 0.105469 0.180556 0.807474
21 0.515234 0.443056 0.108594 0.177778 0.823397
