18 0.583594 0.707639 0.239063 0.298611 0.394698
18 0.583984 0.707639 0.239844 0.295833 0.411879
18 0.584766 0.702778 0.233594 0.302778 0.414923
18 0.585156 0.702778 0.234375 0.3 0.433906
18 0.583984 0.703472 0.232031 0.301389 0.465134
18 0.583203 0.707639 0.235156 0.295833 0.484363
18 0.583594 0.707639 0.239063 0.298611 0.394698
18 0.583984 0.707639 0.239844 0.295833 0.411879
18 0.584766 0.702778 0.233594 0.302778 0.414923
18 0.585156 0.702778 0.234375 0.3 0.433906
18 0.583984 0.703472 0.232031 0.301389 0.465134
18 0.583203 0.707639 0.235156 0.295833 0.484363
