21 0.513281 0.445833 0.10625 0.191667 0.367137
21 0.5125 0.448611 0.10625 0.186111 0.53941
21 0.512109 0.447917 0.110156 0.190278 0.548244
21 0.5125 0.447222 0.107813 0.183333 0.555196
21 0.512891 0.447917 0.105469 0.1875 0.611481
21 0.512891 0.447917 0.107031 0.1875 0.614579
21 0.511719 0.447917 0.107813 0.184722 0.74165
21 0.512109 0.447222 0.110156 0.183333 0.755816
21 0.513281 0.445833 0.10625 0.191667 0.367137
21 0.5125 0.448611 0.10625 0.186111 0.53941
21 0.512109 0.447917 0.110156 0.190278 0.548244
21 0.5125 0.447222 0.107813 0.183333 0.555196
21 0.512891 0.447917 0.105469 0.1875 0.611481
21 0.512891 0.447917 0.107031 0.1875 0.614579
21 0.511719 0.447917 0.107813 0.184722 0.74165
21 0.512109 0.447222 0.110156 0.183333 0.755816
