21 0.514453 0.443056 0.107031 0.188889 0.380535
21 0.513281 0.447222 0.107813 0.183333 0.459642
21 0.512891 0.445833 0.108594 0.180556 0.463703
21 0.513281 0.445833 0.110937 0.186111 0.483265
21 0.514063 0.445139 0.107813 0.184722 0.615441
21 0.514063 0.445139 0.10625 0.184722 0.618982
21 0.513281 0.445833 0.109375 0.180556 0.723287
21 0.513672 0.445139 0.111719 0.179167 0.734815
21 0.514453 0.443056 0.107031 0.188889 0.380535
21 0.513281 0.447222 0.107813 0.183333 0.459642
21 0.512891 0.445833 0.108594 0.180556 0.463703
21 0.513281 0.445833 0.110937 0.186111 0.483265
21 0.514063 0.445139 0.107813 0.184722 0.615441
21 0.514063 0.445139 0.10625 0.184722 0.618982
21 0.513281 0.445833 0.109375 0.180556 0.723287
21 0.513672 0.445139 0.111719 0.179167 0.734815
