1 0.5125 0.436806 0.090625 0.390278 0.419117
21 0.510547 0.443056 0.0976562 0.388889 0.423402
21 0.511328 0.443056 0.0945313 0.388889 0.424008
1 0.5125 0.436806 0.090625 0.3875 0.47076
1 0.5125 0.4375 0.0890625 0.386111 0.503495
21 0.512109 0.439583 0.0914062 0.384722 0.66529
21 0.5125 0.439583 0.090625 0.381944 0.684552
21 0.512109 0.439583 0.0929687 0.381944 0.71894
1 0.5125 0.436806 0.090625 0.390278 0.419117
21 0.510547 0.443056 0.0976562 0.388889 0.423402
21 0.511328 0.443056 0.0945313 0.388889 0.424008
1 0.5125 0.436806 0.090625 0.3875 0.47076
1 0.5125 0.4375 0.0890625 0.386111 0.503495
21 0.512109 0.439583 0.0914062 0.384722 0.66529
21 0.5125 0.439583 0.090625 0.381944 0.684552
21 0.512109 0.439583 0.0929687 0.381944 0.71894
