21 0.512109 0.446528 0.107031 0.193056 0.457466
21 0.5125 0.447222 0.107813 0.191667 0.563474
21 0.5125 0.446528 0.109375 0.190278 0.578556
21 0.511328 0.447917 0.110156 0.193056 0.643766
21 0.5125 0.447222 0.10625 0.191667 0.655689
21 0.5125 0.447222 0.107813 0.191667 0.658725
21 0.511328 0.447917 0.108594 0.190278 0.759771
21 0.511328 0.447222 0.111719 0.188889 0.769004
21 0.512109 0.446528 0.107031 0.193056 0.457466
21 0.5125 0.447222 0.107813 0.191667 0.563474
21 0.5125 0.446528 0.109375 0.190278 0.578556
21 0.511328 0.447917 0.110156 0.193056 0.643766
21 0.5125 0.447222 0.10625 0.191667 0.655689
21 0.5125 0.447222 0.107813 0.191667 0.658725
21 0.511328 0.447917 0.108594 0.190278 0.759771
21 0.511328 0.447222 0.111719 0.188889 0.769004
