1 0.514844 0.457639 0.084375 0.426389 0.270879
13 0.514453 0.455556 0.0851562 0.430556 0.289057
1 0.515234 0.457639 0.0789063 0.423611 0.405275
1 0.51875 0.454167 0.0796875 0.45 0.566419
1 0.517969 0.456944 0.0796875 0.433333 0.611254
1 0.518359 0.455556 0.0773437 0.438889 0.619498
1 0.51875 0.454861 0.0796875 0.440278 0.637595
1 0.517969 0.45625 0.0796875 0.440278 0.647338
1 0.518359 0.456944 0.0773437 0.430556 0.726018
1 0.514844 0.457639 0.084375 0.426389 0.270879
13 0.514453 0.455556 0.0851562 0.430556 0.289057
1 0.515234 0.457639 0.0789063 0.423611 0.405275
1 0.51875 0.454167 0.0796875 0.45 0.566419
1 0.517969 0.456944 0.0796875 0.433333 0.611254
1 0.518359 0.455556 0.0773437 0.438889 0.619498
1 0.51875 0.454861 0.0796875 0.440278 0.637595
1 0.517969 0.45625 0.0796875 0.440278 0.647338
1 0.518359 0.456944 0.0773437 0.430556 0.726018
