45 0.419922 0.26875 0.0976562 0.240278 0.288202
45 0.418359 0.268056 0.100781 0.236111 0.295936
45 0.420312 0.270139 0.1 0.240278 0.341476
45 0.420312 0.270139 0.096875 0.243056 0.348915
45 0.41875 0.26875 0.1 0.229167 0.407455
45 0.41875 0.26875 0.096875 0.234722 0.433222
45 0.419922 0.26875 0.0976562 0.240278 0.288202
45 0.418359 0.268056 0.100781 0.236111 0.295936
45 0.420312 0.270139 0.1 0.240278 0.341476
45 0.420312 0.270139 0.096875 0.243056 0.348915
45 0.41875 0.26875 0.1 0.229167 0.407455
45 0.41875 0.26875 0.096875 0.234722 0.433222
