21 0.5125 0.443056 0.0953125 0.388889 0.291078
21 0.513281 0.443056 0.0921875 0.388889 0.29679
1 0.515234 0.434722 0.0867188 0.391667 0.531532
21 0.514844 0.4375 0.0875 0.383333 0.565134
1 0.514844 0.435417 0.0875 0.3875 0.583647
21 0.515234 0.438194 0.0867188 0.379167 0.591251
1 0.514844 0.435417 0.0859375 0.384722 0.609531
21 0.514844 0.438194 0.0890625 0.379167 0.642055
21 0.5125 0.443056 0.0953125 0.388889 0.291078
21 0.513281 0.443056 0.0921875 0.388889 0.29679
1 0.515234 0.434722 0.0867188 0.391667 0.531532
21 0.514844 0.4375 0.0875 0.383333 0.565134
1 0.514844 0.435417 0.0875 0.3875 0.583647
21 0.515234 0.438194 0.0867188 0.379167 0.591251
1 0.514844 0.435417 0.0859375 0.384722 0.609531
21 0.514844 0.438194 0.0890625 0.379167 0.642055
