1 0.514063 0.392361 0.0859375 0.368056 0.2861
1 0.514063 0.392361 0.0828125 0.368056 0.28976
1 0.514453 0.397222 0.0851562 0.366667 0.356288
1 0.514844 0.396528 0.08125 0.368056 0.470021
1 0.514844 0.398611 0.084375 0.361111 0.481955
1 0.514844 0.396528 0.08125 0.365278 0.520072
1 0.514844 0.399306 0.08125 0.359722 0.527741
1 0.515234 0.396528 0.0804688 0.3625 0.545729
1 0.514063 0.392361 0.0859375 0.368056 0.2861
1 0.514063 0.392361 0.0828125 0.368056 0.28976
1 0.514453 0.397222 0.0851562 0.366667 0.356288
1 0.514844 0.396528 0.08125 0.368056 0.470021
1 0.514844 0.398611 0.084375 0.361111 0.481955
1 0.514844 0.396528 0.08125 0.365278 0.520072
1 0.514844 0.399306 0.08125 0.359722 0.527741
1 0.515234 0.396528 0.0804688 0.3625 0.545729
