21 0.518359 0.438889 0.0835937 0.377778 0.421684
21 0.518359 0.439583 0.0820312 0.373611 0.426599
21 0.517969 0.439583 0.084375 0.373611 0.504695
1 0.518359 0.4375 0.0820312 0.386111 0.641161
1 0.518359 0.4375 0.0835937 0.383333 0.692438
1 0.518359 0.438194 0.0820312 0.381944 0.702746
21 0.518359 0.438889 0.0835937 0.377778 0.421684
21 0.518359 0.439583 0.0820312 0.373611 0.426599
21 0.517969 0.439583 0.084375 0.373611 0.504695
1 0.518359 0.4375 0.0820312 0.386111 0.641161
1 0.518359 0.4375 0.0835937 0.383333 0.692438
1 0.518359 0.438194 0.0820312 0.381944 0.702746
