1 0.515625 0.358333 0.1 0.263889 0.441767
1 0.515234 0.359028 0.0976562 0.259722 0.495942
1 0.516016 0.358333 0.102344 0.261111 0.515953
1 0.515625 0.360417 0.0984375 0.256944 0.571247
1 0.515625 0.359722 0.096875 0.252778 0.639106
1 0.516016 0.359028 0.0992187 0.254167 0.655989
1 0.515625 0.358333 0.1 0.263889 0.441767
1 0.515234 0.359028 0.0976562 0.259722 0.495942
1 0.516016 0.358333 0.102344 0.261111 0.515953
1 0.515625 0.360417 0.0984375 0.256944 0.571247
1 0.515625 0.359722 0.096875 0.252778 0.639106
1 0.516016 0.359028 0.0992187 0.254167 0.655989
