1 0.521875 0.354861 0.09375 0.248611 0.403932
1 0.522266 0.352778 0.0960938 0.258333 0.431641
1 0.521484 0.354861 0.0945313 0.254167 0.476198
1 0.521484 0.355556 0.0914062 0.247222 0.481937
1 0.521875 0.354861 0.09375 0.248611 0.484514
1 0.522656 0.352778 0.096875 0.255556 0.490017
1 0.521875 0.354861 0.09375 0.248611 0.403932
1 0.522266 0.352778 0.0960938 0.258333 0.431641
1 0.521484 0.354861 0.0945313 0.254167 0.476198
1 0.521484 0.355556 0.0914062 0.247222 0.481937
1 0.521875 0.354861 0.09375 0.248611 0.484514
1 0.522656 0.352778 0.096875 0.255556 0.490017
