21 0.517187 0.447917 0.103125 0.198611 0.444782
21 0.515234 0.452083 0.105469 0.193056 0.515391
21 0.515625 0.451389 0.10625 0.191667 0.533168
21 0.516016 0.450694 0.107031 0.195833 0.636991
21 0.516797 0.45 0.102344 0.194444 0.659432
21 0.516797 0.450694 0.103906 0.193056 0.67652
21 0.516406 0.451389 0.104687 0.191667 0.779634
21 0.516406 0.45 0.107813 0.188889 0.800995
21 0.517187 0.447917 0.103125 0.198611 0.444782
21 0.515234 0.452083 0.105469 0.193056 0.515391
21 0.515625 0.451389 0.10625 0.191667 0.533168
21 0.516016 0.450694 0.107031 0.195833 0.636991
21 0.516797 0.45 0.102344 0.194444 0.659432
21 0.516797 0.450694 0.103906 0.193056 0.67652
21 0.516406 0.451389 0.104687 0.191667 0.779634
21 0.516406 0.45 0.107813 0.188889 0.800995
