1 0.516016 0.394444 0.0867188 0.302778 0.274299
1 0.521875 0.394444 0.084375 0.3 0.274541
1 0.521875 0.394444 0.0828125 0.297222 0.296227
1 0.516016 0.395139 0.0851562 0.301389 0.301617
1 0.51875 0.389583 0.0875 0.304167 0.417212
1 0.519922 0.388889 0.0929687 0.305556 0.425962
1 0.519141 0.391667 0.0867188 0.302778 0.602061
1 0.519141 0.392361 0.0867188 0.301389 0.641459
1 0.51875 0.393056 0.084375 0.297222 0.65122
1 0.516016 0.394444 0.0867188 0.302778 0.274299
1 0.521875 0.394444 0.084375 0.3 0.274541
1 0.521875 0.394444 0.0828125 0.297222 0.296227
1 0.516016 0.395139 0.0851562 0.301389 0.301617
1 0.51875 0.389583 0.0875 0.304167 0.417212
1 0.519922 0.388889 0.0929687 0.305556 0.425962
1 0.519141 0.391667 0.0867188 0.302778 0.602061
1 0.519141 0.392361 0.0867188 0.301389 0.641459
1 0.51875 0.393056 0.084375 0.297222 0.65122
