1 0.515234 0.379861 0.0960938 0.270833 0.443855
1 0.514453 0.380556 0.0960938 0.269444 0.504615
1 0.514844 0.380556 0.0953125 0.269444 0.518666
1 0.514453 0.380556 0.0945313 0.266667 0.573404
1 0.514453 0.380556 0.0945313 0.266667 0.593704
1 0.514844 0.380556 0.0984375 0.266667 0.609923
1 0.515234 0.379861 0.0960938 0.270833 0.443855
1 0.514453 0.380556 0.0960938 0.269444 0.504615
1 0.514844 0.380556 0.0953125 0.269444 0.518666
1 0.514453 0.380556 0.0945313 0.266667 0.573404
1 0.514453 0.380556 0.0945313 0.266667 0.593704
1 0.514844 0.380556 0.0984375 0.266667 0.609923
