13 0.517969 0.433333 0.0828125 0.397222 0.32175
13 0.517969 0.433333 0.0828125 0.4 0.383774
1 0.518359 0.434028 0.0804688 0.395833 0.405347
1 0.519141 0.43125 0.0804688 0.418056 0.733041
1 0.51875 0.431944 0.0796875 0.411111 0.747597
1 0.519141 0.43125 0.0804688 0.4125 0.751516
13 0.517969 0.433333 0.0828125 0.397222 0.32175
13 0.517969 0.433333 0.0828125 0.4 0.383774
1 0.518359 0.434028 0.0804688 0.395833 0.405347
1 0.519141 0.43125 0.0804688 0.418056 0.733041
1 0.51875 0.431944 0.0796875 0.411111 0.747597
1 0.519141 0.43125 0.0804688 0.4125 0.751516
