21 0.513672 0.420139 0.108594 0.2375 0.535256
21 0.514063 0.419444 0.107813 0.236111 0.556747
21 0.513281 0.424306 0.109375 0.234722 0.77273
21 0.513281 0.424306 0.10625 0.234722 0.799278
21 0.513672 0.423611 0.107031 0.236111 0.818964
21 0.513281 0.423611 0.107813 0.236111 0.827731
21 0.513281 0.422917 0.110937 0.234722 0.830497
21 0.513281 0.423611 0.107813 0.236111 0.831239
21 0.513672 0.420139 0.108594 0.2375 0.535256
21 0.514063 0.419444 0.107813 0.236111 0.556747
21 0.513281 0.424306 0.109375 0.234722 0.77273
21 0.513281 0.424306 0.10625 0.234722 0.799278
21 0.513672 0.423611 0.107031 0.236111 0.818964
21 0.513281 0.423611 0.107813 0.236111 0.827731
21 0.513281 0.422917 0.110937 0.234722 0.830497
21 0.513281 0.423611 0.107813 0.236111 0.831239
