18 0.528125 0.553472 0.157813 0.234722 0.442239
18 0.527734 0.552083 0.157031 0.231944 0.605236
18 0.526953 0.550694 0.155469 0.254167 0.614639
18 0.528125 0.555556 0.157813 0.241667 0.616819
18 0.527734 0.553472 0.152344 0.231944 0.63699
18 0.527734 0.555556 0.157031 0.236111 0.638008
18 0.526953 0.550694 0.155469 0.254167 0.669139
18 0.526953 0.551389 0.153906 0.252778 0.671394
18 0.527734 0.556944 0.153906 0.238889 0.681852
18 0.528125 0.553472 0.157813 0.234722 0.442239
18 0.527734 0.552083 0.157031 0.231944 0.605236
18 0.526953 0.550694 0.155469 0.254167 0.614639
18 0.528125 0.555556 0.157813 0.241667 0.616819
18 0.527734 0.553472 0.152344 0.231944 0.63699
18 0.527734 0.555556 0.157031 0.236111 0.638008
18 0.526953 0.550694 0.155469 0.254167 0.669139
18 0.526953 0.551389 0.153906 0.252778 0.671394
18 0.527734 0.556944 0.153906 0.238889 0.681852
