13 0.514063 0.459722 0.0875 0.447222 0.264579
13 0.513672 0.457639 0.0882813 0.454167 0.294115
1 0.514844 0.459028 0.08125 0.443056 0.322398
1 0.51875 0.452778 0.08125 0.483333 0.53596
1 0.51875 0.454167 0.0796875 0.466667 0.562344
1 0.51875 0.453472 0.08125 0.468056 0.571232
13 0.518359 0.457639 0.0820312 0.459722 0.60092
1 0.51875 0.456944 0.0796875 0.455556 0.652723
13 0.518359 0.457639 0.0820312 0.465278 0.655132
13 0.514063 0.459722 0.0875 0.447222 0.264579
13 0.513672 0.457639 0.0882813 0.454167 0.294115
1 0.514844 0.459028 0.08125 0.443056 0.322398
1 0.51875 0.452778 0.08125 0.483333 0.53596
1 0.51875 0.454167 0.0796875 0.466667 0.562344
1 0.51875 0.453472 0.08125 0.468056 0.571232
13 0.518359 0.457639 0.0820312 0.459722 0.60092
1 0.51875 0.456944 0.0796875 0.455556 0.652723
13 0.518359 0.457639 0.0820312 0.465278 0.655132
