21 0.508984 0.435417 0.114844 0.245833 0.261654
21 0.509766 0.425694 0.111719 0.243056 0.438572
21 0.509766 0.425694 0.110156 0.243056 0.450034
21 0.509766 0.429861 0.110156 0.2375 0.718563
21 0.509375 0.43125 0.114063 0.240278 0.75811
21 0.509766 0.429861 0.111719 0.240278 0.769991
21 0.509375 0.429167 0.1125 0.241667 0.776991
21 0.509375 0.429861 0.115625 0.240278 0.811617
21 0.509375 0.430556 0.1125 0.241667 0.812394
21 0.508984 0.435417 0.114844 0.245833 0.261654
21 0.509766 0.425694 0.111719 0.243056 0.438572
21 0.509766 0.425694 0.110156 0.243056 0.450034
21 0.509766 0.429861 0.110156 0.2375 0.718563
21 0.509375 0.43125 0.114063 0.240278 0.75811
21 0.509766 0.429861 0.111719 0.240278 0.769991
21 0.509375 0.429167 0.1125 0.241667 0.776991
21 0.509375 0.429861 0.115625 0.240278 0.811617
21 0.509375 0.430556 0.1125 0.241667 0.812394
