21 0.513672 0.444444 0.105469 0.188889 0.38805
21 0.512891 0.447917 0.105469 0.184722 0.509777
21 0.512891 0.446528 0.107031 0.181944 0.518993
21 0.512109 0.446528 0.110156 0.1875 0.519365
21 0.513281 0.446528 0.104687 0.184722 0.628945
21 0.513281 0.446528 0.10625 0.184722 0.630255
21 0.5125 0.447222 0.107813 0.183333 0.738036
21 0.5125 0.445833 0.110937 0.180556 0.750138
21 0.513672 0.444444 0.105469 0.188889 0.38805
21 0.512891 0.447917 0.105469 0.184722 0.509777
21 0.512891 0.446528 0.107031 0.181944 0.518993
21 0.512109 0.446528 0.110156 0.1875 0.519365
21 0.513281 0.446528 0.104687 0.184722 0.628945
21 0.513281 0.446528 0.10625 0.184722 0.630255
21 0.5125 0.447222 0.107813 0.183333 0.738036
21 0.5125 0.445833 0.110937 0.180556 0.750138
