18 0.492578 0.405556 0.122656 0.261111 0.272704
18 0.492578 0.405556 0.119531 0.258333 0.289275
18 0.492578 0.399306 0.124219 0.259722 0.535975
18 0.492188 0.4 0.123438 0.258333 0.567302
18 0.492188 0.4 0.123438 0.252778 0.582514
18 0.492969 0.400694 0.123438 0.256944 0.589354
18 0.492578 0.400694 0.121094 0.256944 0.618495
18 0.492188 0.399306 0.121875 0.254167 0.65258
18 0.492578 0.405556 0.122656 0.261111 0.272704
18 0.492578 0.405556 0.119531 0.258333 0.289275
18 0.492578 0.399306 0.124219 0.259722 0.535975
18 0.492188 0.4 0.123438 0.258333 0.567302
18 0.492188 0.4 0.123438 0.252778 0.582514
18 0.492969 0.400694 0.123438 0.256944 0.589354
18 0.492578 0.400694 0.121094 0.256944 0.618495
18 0.492188 0.399306 0.121875 0.254167 0.65258
