13 0.514063 0.454861 0.0890625 0.434722 0.254808
1 0.514063 0.456944 0.0890625 0.427778 0.255429
1 0.514453 0.45625 0.0835937 0.426389 0.404675
1 0.517578 0.453472 0.0820312 0.448611 0.597356
1 0.517187 0.456944 0.0828125 0.433333 0.621039
1 0.517578 0.454167 0.0804688 0.438889 0.644752
1 0.517187 0.45625 0.0828125 0.440278 0.653648
1 0.517578 0.454167 0.0835937 0.438889 0.665078
1 0.517578 0.45625 0.0804688 0.431944 0.730779
13 0.514063 0.454861 0.0890625 0.434722 0.254808
1 0.514063 0.456944 0.0890625 0.427778 0.255429
1 0.514453 0.45625 0.0835937 0.426389 0.404675
1 0.517578 0.453472 0.0820312 0.448611 0.597356
1 0.517187 0.456944 0.0828125 0.433333 0.621039
1 0.517578 0.454167 0.0804688 0.438889 0.644752
1 0.517187 0.45625 0.0828125 0.440278 0.653648
1 0.517578 0.454167 0.0835937 0.438889 0.665078
1 0.517578 0.45625 0.0804688 0.431944 0.730779
