21 0.516797 0.447917 0.103906 0.198611 0.460863
21 0.515234 0.451389 0.107031 0.194444 0.520934
21 0.515234 0.45 0.107031 0.194444 0.541254
21 0.516016 0.45 0.107031 0.197222 0.652565
21 0.516797 0.449306 0.102344 0.193056 0.662392
21 0.517187 0.449306 0.104687 0.193056 0.681694
21 0.516016 0.45 0.105469 0.191667 0.782663
21 0.516016 0.449306 0.108594 0.190278 0.803228
21 0.516797 0.447917 0.103906 0.198611 0.460863
21 0.515234 0.451389 0.107031 0.194444 0.520934
21 0.515234 0.45 0.107031 0.194444 0.541254
21 0.516016 0.45 0.107031 0.197222 0.652565
21 0.516797 0.449306 0.102344 0.193056 0.662392
21 0.517187 0.449306 0.104687 0.193056 0.681694
21 0.516016 0.45 0.105469 0.191667 0.782663
21 0.516016 0.449306 0.108594 0.190278 0.803228
