18 0.523828 0.554861 0.150781 0.234722 0.359627
18 0.526172 0.548611 0.146094 0.261111 0.361897
18 0.525781 0.547917 0.146875 0.256944 0.422689
18 0.526172 0.548611 0.146094 0.258333 0.43757
18 0.523438 0.553472 0.15 0.229167 0.493061
18 0.523828 0.554167 0.150781 0.244444 0.493614
18 0.523438 0.552778 0.15 0.238889 0.508596
18 0.523047 0.554167 0.146094 0.230556 0.533185
18 0.523047 0.554167 0.146094 0.241667 0.556784
18 0.523828 0.554861 0.150781 0.234722 0.359627
18 0.526172 0.548611 0.146094 0.261111 0.361897
18 0.525781 0.547917 0.146875 0.256944 0.422689
18 0.526172 0.548611 0.146094 0.258333 0.43757
18 0.523438 0.553472 0.15 0.229167 0.493061
18 0.523828 0.554167 0.150781 0.244444 0.493614
18 0.523438 0.552778 0.15 0.238889 0.508596
18 0.523047 0.554167 0.146094 0.230556 0.533185
18 0.523047 0.554167 0.146094 0.241667 0.556784
