13 0.522266 0.384722 0.113281 0.263889 0.279479
13 0.521875 0.386111 0.114063 0.269444 0.305626
13 0.522266 0.385417 0.111719 0.268056 0.317392
13 0.524609 0.386111 0.114844 0.269444 0.326429
13 0.524609 0.386806 0.111719 0.268056 0.33156
13 0.524609 0.386111 0.114844 0.269444 0.343644
13 0.522266 0.384722 0.114844 0.269444 0.513966
13 0.522266 0.385417 0.111719 0.268056 0.566021
13 0.522656 0.384028 0.114063 0.2625 0.596562
13 0.522266 0.384722 0.113281 0.263889 0.279479
13 0.521875 0.386111 0.114063 0.269444 0.305626
13 0.522266 0.385417 0.111719 0.268056 0.317392
13 0.524609 0.386111 0.114844 0.269444 0.326429
13 0.524609 0.386806 0.111719 0.268056 0.33156
13 0.524609 0.386111 0.114844 0.269444 0.343644
13 0.522266 0.384722 0.114844 0.269444 0.513966
13 0.522266 0.385417 0.111719 0.268056 0.566021
13 0.522656 0.384028 0.114063 0.2625 0.596562
