21 0.511328 0.444444 0.0945313 0.388889 0.29692
21 0.513281 0.440972 0.0875 0.390278 0.444069
21 0.511328 0.444444 0.0945313 0.386111 0.467912
21 0.512109 0.444444 0.0914062 0.386111 0.472712
1 0.513281 0.441667 0.0875 0.386111 0.498678
21 0.513281 0.440972 0.0890625 0.384722 0.568055
21 0.5125 0.443056 0.0890625 0.386111 0.584508
21 0.513281 0.443056 0.0875 0.380556 0.607262
21 0.512891 0.443056 0.0898438 0.380556 0.665069
21 0.511328 0.444444 0.0945313 0.388889 0.29692
21 0.513281 0.440972 0.0875 0.390278 0.444069
21 0.511328 0.444444 0.0945313 0.386111 0.467912
21 0.512109 0.444444 0.0914062 0.386111 0.472712
1 0.513281 0.441667 0.0875 0.386111 0.498678
21 0.513281 0.440972 0.0890625 0.384722 0.568055
21 0.5125 0.443056 0.0890625 0.386111 0.584508
21 0.513281 0.443056 0.0875 0.380556 0.607262
21 0.512891 0.443056 0.0898438 0.380556 0.665069
