18 0.530078 0.552083 0.155469 0.2375 0.390504
18 0.529688 0.550694 0.154687 0.2375 0.610419
18 0.529297 0.552083 0.150781 0.2375 0.636112
18 0.528516 0.55 0.152344 0.252778 0.683957
18 0.530078 0.555556 0.155469 0.244444 0.694875
18 0.529688 0.554167 0.154687 0.241667 0.724166
18 0.528516 0.55 0.150781 0.252778 0.726858
18 0.528516 0.55 0.152344 0.255556 0.73109
18 0.529297 0.555556 0.152344 0.241667 0.752668
18 0.530078 0.552083 0.155469 0.2375 0.390504
18 0.529688 0.550694 0.154687 0.2375 0.610419
18 0.529297 0.552083 0.150781 0.2375 0.636112
18 0.528516 0.55 0.152344 0.252778 0.683957
18 0.530078 0.555556 0.155469 0.244444 0.694875
18 0.529688 0.554167 0.154687 0.241667 0.724166
18 0.528516 0.55 0.150781 0.252778 0.726858
18 0.528516 0.55 0.152344 0.255556 0.73109
18 0.529297 0.555556 0.152344 0.241667 0.752668
