18 0.523438 0.556944 0.170312 0.247222 0.272202
18 0.526563 0.552083 0.16875 0.2625 0.284842
18 0.525391 0.55625 0.172656 0.243056 0.302307
18 0.526172 0.551389 0.167969 0.258333 0.336148
18 0.524609 0.556944 0.169531 0.244444 0.353283
18 0.526563 0.552083 0.167187 0.259722 0.364527
18 0.523438 0.556944 0.170312 0.247222 0.272202
18 0.526563 0.552083 0.16875 0.2625 0.284842
18 0.525391 0.55625 0.172656 0.243056 0.302307
18 0.526172 0.551389 0.167969 0.258333 0.336148
18 0.524609 0.556944 0.169531 0.244444 0.353283
18 0.526563 0.552083 0.167187 0.259722 0.364527
