18 0.492188 0.385417 0.114063 0.206944 0.261129
18 0.492188 0.385417 0.114063 0.204167 0.413369
18 0.492578 0.385417 0.111719 0.204167 0.434242
18 0.492578 0.390278 0.119531 0.213889 0.695201
18 0.492578 0.388889 0.119531 0.216667 0.700464
18 0.493359 0.386111 0.116406 0.216667 0.700857
18 0.492969 0.384722 0.115625 0.219444 0.705964
18 0.492969 0.385417 0.114063 0.218056 0.730877
18 0.492578 0.389583 0.117969 0.215278 0.743858
18 0.492188 0.385417 0.114063 0.206944 0.261129
18 0.492188 0.385417 0.114063 0.204167 0.413369
18 0.492578 0.385417 0.111719 0.204167 0.434242
18 0.492578 0.390278 0.119531 0.213889 0.695201
18 0.492578 0.388889 0.119531 0.216667 0.700464
18 0.493359 0.386111 0.116406 0.216667 0.700857
18 0.492969 0.384722 0.115625 0.219444 0.705964
18 0.492969 0.385417 0.114063 0.218056 0.730877
18 0.492578 0.389583 0.117969 0.215278 0.743858
