21 0.506641 0.411111 0.119531 0.288889 0.320956
21 0.50625 0.410417 0.117188 0.2875 0.520324
21 0.50625 0.409722 0.115625 0.286111 0.556954
21 0.50625 0.409028 0.11875 0.2875 0.606795
21 0.507031 0.410417 0.117188 0.2875 0.66235
21 0.507031 0.409722 0.120312 0.288889 0.672672
21 0.506641 0.406944 0.116406 0.288889 0.689153
21 0.506641 0.406944 0.116406 0.291667 0.755877
21 0.50625 0.406944 0.117188 0.291667 0.764174
21 0.506641 0.411111 0.119531 0.288889 0.320956
21 0.50625 0.410417 0.117188 0.2875 0.520324
21 0.50625 0.409722 0.115625 0.286111 0.556954
21 0.50625 0.409028 0.11875 0.2875 0.606795
21 0.507031 0.410417 0.117188 0.2875 0.66235
21 0.507031 0.409722 0.120312 0.288889 0.672672
21 0.506641 0.406944 0.116406 0.288889 0.689153
21 0.506641 0.406944 0.116406 0.291667 0.755877
21 0.50625 0.406944 0.117188 0.291667 0.764174
