1 0.514453 0.41875 0.0789063 0.418056 0.340554
13 0.515625 0.41875 0.084375 0.420833 0.381658
13 0.515234 0.419444 0.0835937 0.430556 0.419681
1 0.516797 0.421528 0.0773437 0.429167 0.538162
1 0.516797 0.421528 0.0804688 0.434722 0.558613
1 0.517187 0.420833 0.0796875 0.441667 0.582323
1 0.514453 0.41875 0.0789063 0.418056 0.340554
13 0.515625 0.41875 0.084375 0.420833 0.381658
13 0.515234 0.419444 0.0835937 0.430556 0.419681
1 0.516797 0.421528 0.0773437 0.429167 0.538162
1 0.516797 0.421528 0.0804688 0.434722 0.558613
1 0.517187 0.420833 0.0796875 0.441667 0.582323
