1 0.519922 0.371528 0.0914062 0.284722 0.599981
1 0.51875 0.372917 0.0890625 0.279167 0.667377
1 0.519922 0.372222 0.0929687 0.280556 0.684109
1 0.519141 0.371528 0.0882813 0.281944 0.700558
1 0.51875 0.372917 0.0875 0.279167 0.716442
1 0.519531 0.372917 0.0890625 0.281944 0.728881
1 0.519922 0.371528 0.0914062 0.284722 0.599981
1 0.51875 0.372917 0.0890625 0.279167 0.667377
1 0.519922 0.372222 0.0929687 0.280556 0.684109
1 0.519141 0.371528 0.0882813 0.281944 0.700558
1 0.51875 0.372917 0.0875 0.279167 0.716442
1 0.519531 0.372917 0.0890625 0.281944 0.728881
