18 0.529688 0.552778 0.14375 0.233333 0.304889
18 0.53125 0.547222 0.146875 0.258333 0.528621
18 0.530469 0.546528 0.146875 0.254167 0.534237
18 0.530859 0.544444 0.146094 0.266667 0.559164
18 0.530859 0.545139 0.146094 0.268056 0.559457
18 0.53125 0.545139 0.14375 0.265278 0.589791
18 0.530859 0.547222 0.142969 0.255556 0.59133
18 0.529688 0.552778 0.14375 0.233333 0.304889
18 0.53125 0.547222 0.146875 0.258333 0.528621
18 0.530469 0.546528 0.146875 0.254167 0.534237
18 0.530859 0.544444 0.146094 0.266667 0.559164
18 0.530859 0.545139 0.146094 0.268056 0.559457
18 0.53125 0.545139 0.14375 0.265278 0.589791
18 0.530859 0.547222 0.142969 0.255556 0.59133
