40 0.505078 0.376389 0.133594 0.225 0.377155
40 0.505078 0.374306 0.133594 0.220833 0.397485
40 0.505078 0.376389 0.135156 0.225 0.402125
40 0.504687 0.376389 0.132812 0.225 0.41933
40 0.505078 0.374306 0.133594 0.223611 0.570509
40 0.505078 0.374306 0.132031 0.223611 0.605181
40 0.505078 0.376389 0.133594 0.225 0.377155
40 0.505078 0.374306 0.133594 0.220833 0.397485
40 0.505078 0.376389 0.135156 0.225 0.402125
40 0.504687 0.376389 0.132812 0.225 0.41933
40 0.505078 0.374306 0.133594 0.223611 0.570509
40 0.505078 0.374306 0.132031 0.223611 0.605181
