15 0.562109 0.547917 0.161719 0.490278 0.250273
15 0.561719 0.545833 0.1625 0.491667 0.374321
15 0.561328 0.545139 0.161719 0.495833 0.375402
15 0.561328 0.560417 0.164844 0.501389 0.42565
15 0.561328 0.558333 0.164844 0.491667 0.450933
15 0.560938 0.559722 0.164062 0.494444 0.463261
15 0.562109 0.547917 0.161719 0.490278 0.250273
15 0.561719 0.545833 0.1625 0.491667 0.374321
15 0.561328 0.545139 0.161719 0.495833 0.375402
15 0.561328 0.560417 0.164844 0.501389 0.42565
15 0.561328 0.558333 0.164844 0.491667 0.450933
15 0.560938 0.559722 0.164062 0.494444 0.463261
