18 0.587109 0.716667 0.232031 0.336111 0.420826
18 0.586328 0.718056 0.232031 0.333333 0.478529
18 0.586719 0.718056 0.232812 0.336111 0.481624
18 0.585156 0.718056 0.234375 0.336111 0.564227
18 0.585547 0.718056 0.233594 0.338889 0.594917
18 0.584766 0.718056 0.232031 0.336111 0.599105
18 0.587109 0.716667 0.232031 0.336111 0.420826
18 0.586328 0.718056 0.232031 0.333333 0.478529
18 0.586719 0.718056 0.232812 0.336111 0.481624
18 0.585156 0.718056 0.234375 0.336111 0.564227
18 0.585547 0.718056 0.233594 0.338889 0.594917
18 0.584766 0.718056 0.232031 0.336111 0.599105
