21 0.512109 0.45 0.0914062 0.388889 0.416763
21 0.5125 0.450694 0.0921875 0.384722 0.538899
21 0.5125 0.450694 0.0890625 0.384722 0.549788
21 0.513281 0.448611 0.0875 0.388889 0.629375
21 0.512891 0.449306 0.0882813 0.3875 0.681228
21 0.512891 0.449306 0.0867188 0.381944 0.696552
21 0.513672 0.449306 0.0867188 0.384722 0.714088
21 0.513281 0.448611 0.0890625 0.383333 0.72934
21 0.512891 0.449306 0.0882813 0.381944 0.736524
21 0.512109 0.45 0.0914062 0.388889 0.416763
21 0.5125 0.450694 0.0921875 0.384722 0.538899
21 0.5125 0.450694 0.0890625 0.384722 0.549788
21 0.513281 0.448611 0.0875 0.388889 0.629375
21 0.512891 0.449306 0.0882813 0.3875 0.681228
21 0.512891 0.449306 0.0867188 0.381944 0.696552
21 0.513672 0.449306 0.0867188 0.384722 0.714088
21 0.513281 0.448611 0.0890625 0.383333 0.72934
21 0.512891 0.449306 0.0882813 0.381944 0.736524
