1 0.514453 0.45625 0.0851562 0.423611 0.267451
13 0.514063 0.454861 0.0859375 0.429167 0.280876
1 0.515234 0.45625 0.0804688 0.420833 0.404256
1 0.517969 0.453472 0.0796875 0.443056 0.570802
1 0.517578 0.45625 0.0804688 0.429167 0.59422
1 0.517969 0.454167 0.078125 0.433333 0.623232
1 0.517578 0.45625 0.0804688 0.434722 0.62914
1 0.518359 0.454861 0.0804688 0.434722 0.643507
1 0.517969 0.45625 0.078125 0.426389 0.71345
1 0.514453 0.45625 0.0851562 0.423611 0.267451
13 0.514063 0.454861 0.0859375 0.429167 0.280876
1 0.515234 0.45625 0.0804688 0.420833 0.404256
1 0.517969 0.453472 0.0796875 0.443056 0.570802
1 0.517578 0.45625 0.0804688 0.429167 0.59422
1 0.517969 0.454167 0.078125 0.433333 0.623232
1 0.517578 0.45625 0.0804688 0.434722 0.62914
1 0.518359 0.454861 0.0804688 0.434722 0.643507
1 0.517969 0.45625 0.078125 0.426389 0.71345
