21 0.514063 0.441667 0.107813 0.194444 0.361801
21 0.514063 0.440278 0.109375 0.194444 0.378511
21 0.514453 0.438194 0.107031 0.190278 0.674097
21 0.515234 0.436111 0.103906 0.194444 0.675319
21 0.515234 0.435417 0.103906 0.193056 0.777249
21 0.514844 0.436111 0.104687 0.191667 0.784884
21 0.514453 0.438889 0.105469 0.186111 0.820153
21 0.514453 0.4375 0.108594 0.183333 0.831882
21 0.514063 0.441667 0.107813 0.194444 0.361801
21 0.514063 0.440278 0.109375 0.194444 0.378511
21 0.514453 0.438194 0.107031 0.190278 0.674097
21 0.515234 0.436111 0.103906 0.194444 0.675319
21 0.515234 0.435417 0.103906 0.193056 0.777249
21 0.514844 0.436111 0.104687 0.191667 0.784884
21 0.514453 0.438889 0.105469 0.186111 0.820153
21 0.514453 0.4375 0.108594 0.183333 0.831882
