1 0.514063 0.425694 0.0796875 0.456944 0.395901
13 0.513672 0.426389 0.0820312 0.469444 0.432685
13 0.513281 0.426389 0.0828125 0.461111 0.438171
1 0.515234 0.426389 0.0789063 0.477778 0.665356
1 0.515234 0.426389 0.0773437 0.475 0.669847
1 0.515234 0.425694 0.0789063 0.4875 0.677212
1 0.514063 0.425694 0.0796875 0.456944 0.395901
13 0.513672 0.426389 0.0820312 0.469444 0.432685
13 0.513281 0.426389 0.0828125 0.461111 0.438171
1 0.515234 0.426389 0.0789063 0.477778 0.665356
1 0.515234 0.426389 0.0773437 0.475 0.669847
1 0.515234 0.425694 0.0789063 0.4875 0.677212
