18 0.525391 0.494444 0.166406 0.230556 0.397781
18 0.525781 0.494444 0.167187 0.233333 0.435693
18 0.525391 0.495139 0.163281 0.231944 0.474095
18 0.527344 0.493056 0.16875 0.233333 0.646741
18 0.526953 0.491667 0.167969 0.230556 0.704108
18 0.526563 0.492361 0.1625 0.231944 0.747218
18 0.525391 0.494444 0.166406 0.230556 0.397781
18 0.525781 0.494444 0.167187 0.233333 0.435693
18 0.525391 0.495139 0.163281 0.231944 0.474095
18 0.527344 0.493056 0.16875 0.233333 0.646741
18 0.526953 0.491667 0.167969 0.230556 0.704108
18 0.526563 0.492361 0.1625 0.231944 0.747218
