21 0.516797 0.448611 0.102344 0.197222 0.423369
21 0.515234 0.452083 0.105469 0.190278 0.532706
21 0.515234 0.450694 0.105469 0.190278 0.55104
21 0.516016 0.451389 0.107031 0.194444 0.63071
21 0.516406 0.45 0.101562 0.191667 0.647234
21 0.517187 0.450694 0.103125 0.190278 0.665094
21 0.516016 0.450694 0.103906 0.190278 0.774911
21 0.516016 0.45 0.107031 0.188889 0.796337
21 0.516797 0.448611 0.102344 0.197222 0.423369
21 0.515234 0.452083 0.105469 0.190278 0.532706
21 0.515234 0.450694 0.105469 0.190278 0.55104
21 0.516016 0.451389 0.107031 0.194444 0.63071
21 0.516406 0.45 0.101562 0.191667 0.647234
21 0.517187 0.450694 0.103125 0.190278 0.665094
21 0.516016 0.450694 0.103906 0.190278 0.774911
21 0.516016 0.45 0.107031 0.188889 0.796337
