1 0.521484 0.355556 0.0960938 0.261111 0.428024
1 0.521094 0.357639 0.0921875 0.248611 0.468207
1 0.521094 0.357639 0.09375 0.256944 0.481187
1 0.521875 0.356944 0.096875 0.258333 0.500822
1 0.520312 0.356944 0.090625 0.247222 0.537302
1 0.521094 0.356944 0.0921875 0.25 0.541335
1 0.521484 0.355556 0.0960938 0.261111 0.428024
1 0.521094 0.357639 0.0921875 0.248611 0.468207
1 0.521094 0.357639 0.09375 0.256944 0.481187
1 0.521875 0.356944 0.096875 0.258333 0.500822
1 0.520312 0.356944 0.090625 0.247222 0.537302
1 0.521094 0.356944 0.0921875 0.25 0.541335
