40 0.501172 0.384028 0.157031 0.2375 0.254564
40 0.503516 0.380556 0.153906 0.225 0.425197
40 0.503516 0.380556 0.155469 0.225 0.446811
40 0.501562 0.385417 0.159375 0.234722 0.512155
40 0.501953 0.385417 0.158594 0.2375 0.518616
40 0.501953 0.385417 0.157031 0.2375 0.529376
40 0.501172 0.384028 0.157031 0.2375 0.254564
40 0.503516 0.380556 0.153906 0.225 0.425197
40 0.503516 0.380556 0.155469 0.225 0.446811
40 0.501562 0.385417 0.159375 0.234722 0.512155
40 0.501953 0.385417 0.158594 0.2375 0.518616
40 0.501953 0.385417 0.157031 0.2375 0.529376
