21 0.514453 0.443056 0.108594 0.180556 0.253596
21 0.517187 0.436111 0.10625 0.180556 0.398037
21 0.516406 0.438889 0.110937 0.177778 0.48677
21 0.516797 0.4375 0.107031 0.177778 0.589582
21 0.517187 0.4375 0.104687 0.177778 0.621434
21 0.516016 0.439583 0.108594 0.173611 0.748667
21 0.516406 0.438889 0.110937 0.172222 0.752662
21 0.514453 0.443056 0.108594 0.180556 0.253596
21 0.517187 0.436111 0.10625 0.180556 0.398037
21 0.516406 0.438889 0.110937 0.177778 0.48677
21 0.516797 0.4375 0.107031 0.177778 0.589582
21 0.517187 0.4375 0.104687 0.177778 0.621434
21 0.516016 0.439583 0.108594 0.173611 0.748667
21 0.516406 0.438889 0.110937 0.172222 0.752662
