18 0.530469 0.574306 0.139062 0.273611 0.263851
18 0.529688 0.564583 0.134375 0.284722 0.279812
18 0.528906 0.572222 0.140625 0.277778 0.283313
18 0.529297 0.564583 0.135156 0.284722 0.310756
18 0.528516 0.573611 0.135156 0.272222 0.32865
18 0.530859 0.565278 0.128906 0.283333 0.338931
18 0.530469 0.574306 0.139062 0.273611 0.263851
18 0.529688 0.564583 0.134375 0.284722 0.279812
18 0.528906 0.572222 0.140625 0.277778 0.283313
18 0.529297 0.564583 0.135156 0.284722 0.310756
18 0.528516 0.573611 0.135156 0.272222 0.32865
18 0.530859 0.565278 0.128906 0.283333 0.338931
