21 0.519922 0.425694 0.0851562 0.368056 0.43705
21 0.519922 0.426389 0.0835937 0.366667 0.471528
21 0.519531 0.425694 0.0859375 0.368056 0.552048
1 0.520312 0.424306 0.084375 0.379167 0.666161
1 0.520312 0.423611 0.084375 0.375 0.679736
1 0.519922 0.424306 0.0835937 0.373611 0.715461
21 0.519922 0.425694 0.0851562 0.368056 0.43705
21 0.519922 0.426389 0.0835937 0.366667 0.471528
21 0.519531 0.425694 0.0859375 0.368056 0.552048
1 0.520312 0.424306 0.084375 0.379167 0.666161
1 0.520312 0.423611 0.084375 0.375 0.679736
1 0.519922 0.424306 0.0835937 0.373611 0.715461
