18 0.525781 0.551389 0.165625 0.252778 0.349637
18 0.524219 0.554167 0.16875 0.236111 0.383632
18 0.525781 0.551389 0.165625 0.25 0.407157
18 0.525781 0.552083 0.164062 0.251389 0.430764
18 0.524219 0.554861 0.167187 0.243056 0.455306
18 0.524219 0.554167 0.165625 0.236111 0.482961
18 0.524219 0.553472 0.167187 0.231944 0.506316
18 0.523438 0.554861 0.1625 0.240278 0.537471
18 0.523438 0.554167 0.1625 0.233333 0.542286
18 0.525781 0.551389 0.165625 0.252778 0.349637
18 0.524219 0.554167 0.16875 0.236111 0.383632
18 0.525781 0.551389 0.165625 0.25 0.407157
18 0.525781 0.552083 0.164062 0.251389 0.430764
18 0.524219 0.554861 0.167187 0.243056 0.455306
18 0.524219 0.554167 0.165625 0.236111 0.482961
18 0.524219 0.553472 0.167187 0.231944 0.506316
18 0.523438 0.554861 0.1625 0.240278 0.537471
18 0.523438 0.554167 0.1625 0.233333 0.542286
