21 0.517187 0.447222 0.103125 0.2 0.441924
21 0.515234 0.451389 0.105469 0.194444 0.506632
21 0.515234 0.45 0.107031 0.191667 0.522132
21 0.516016 0.449306 0.107031 0.195833 0.618645
21 0.516797 0.449306 0.102344 0.193056 0.656091
21 0.516797 0.449306 0.103906 0.193056 0.672507
21 0.515625 0.449306 0.104687 0.190278 0.776465
21 0.516016 0.448611 0.107031 0.188889 0.797707
21 0.517187 0.447222 0.103125 0.2 0.441924
21 0.515234 0.451389 0.105469 0.194444 0.506632
21 0.515234 0.45 0.107031 0.191667 0.522132
21 0.516016 0.449306 0.107031 0.195833 0.618645
21 0.516797 0.449306 0.102344 0.193056 0.656091
21 0.516797 0.449306 0.103906 0.193056 0.672507
21 0.515625 0.449306 0.104687 0.190278 0.776465
21 0.516016 0.448611 0.107031 0.188889 0.797707
