21 0.51875 0.415278 0.0875 0.355556 0.304776
1 0.519141 0.415972 0.0867188 0.356944 0.326966
1 0.519531 0.415278 0.0859375 0.352778 0.34978
1 0.520312 0.415278 0.0859375 0.361111 0.660845
1 0.520312 0.414583 0.0859375 0.359722 0.668564
1 0.520312 0.415278 0.0859375 0.355556 0.703918
21 0.51875 0.415278 0.0875 0.355556 0.304776
1 0.519141 0.415972 0.0867188 0.356944 0.326966
1 0.519531 0.415278 0.0859375 0.352778 0.34978
1 0.520312 0.415278 0.0859375 0.361111 0.660845
1 0.520312 0.414583 0.0859375 0.359722 0.668564
1 0.520312 0.415278 0.0859375 0.355556 0.703918
