21 0.515625 0.400694 0.09375 0.304167 0.286686
1 0.515625 0.400694 0.0921875 0.301389 0.300781
21 0.516016 0.404167 0.0914062 0.302778 0.314096
21 0.515625 0.404167 0.09375 0.305556 0.376512
21 0.516797 0.397222 0.0898438 0.302778 0.446593
1 0.516797 0.397222 0.0898438 0.302778 0.505681
1 0.516797 0.397917 0.0898438 0.298611 0.549442
21 0.515625 0.400694 0.09375 0.304167 0.286686
1 0.515625 0.400694 0.0921875 0.301389 0.300781
21 0.516016 0.404167 0.0914062 0.302778 0.314096
21 0.515625 0.404167 0.09375 0.305556 0.376512
21 0.516797 0.397222 0.0898438 0.302778 0.446593
1 0.516797 0.397222 0.0898438 0.302778 0.505681
1 0.516797 0.397917 0.0898438 0.298611 0.549442
