1 0.520703 0.358333 0.0929687 0.255556 0.299714
1 0.520703 0.357639 0.0929687 0.256944 0.318375
1 0.520312 0.358333 0.090625 0.255556 0.383812
1 0.521484 0.356944 0.0945313 0.266667 0.577312
1 0.520312 0.358333 0.090625 0.261111 0.604793
1 0.521484 0.356944 0.0960938 0.263889 0.626998
1 0.520703 0.358333 0.0929687 0.255556 0.299714
1 0.520703 0.357639 0.0929687 0.256944 0.318375
1 0.520312 0.358333 0.090625 0.255556 0.383812
1 0.521484 0.356944 0.0945313 0.266667 0.577312
1 0.520312 0.358333 0.090625 0.261111 0.604793
1 0.521484 0.356944 0.0960938 0.263889 0.626998
