18 0.492578 0.381944 0.114844 0.197222 0.357791
18 0.492578 0.383333 0.114844 0.194444 0.496568
18 0.492188 0.383333 0.1125 0.194444 0.515301
18 0.492578 0.386806 0.119531 0.198611 0.713069
18 0.49375 0.38125 0.115625 0.201389 0.728805
18 0.492188 0.385417 0.120312 0.201389 0.755435
18 0.492969 0.379861 0.115625 0.204167 0.756474
18 0.493359 0.38125 0.113281 0.204167 0.767369
18 0.492578 0.386111 0.119531 0.2 0.769255
18 0.492578 0.381944 0.114844 0.197222 0.357791
18 0.492578 0.383333 0.114844 0.194444 0.496568
18 0.492188 0.383333 0.1125 0.194444 0.515301
18 0.492578 0.386806 0.119531 0.198611 0.713069
18 0.49375 0.38125 0.115625 0.201389 0.728805
18 0.492188 0.385417 0.120312 0.201389 0.755435
18 0.492969 0.379861 0.115625 0.204167 0.756474
18 0.493359 0.38125 0.113281 0.204167 0.767369
18 0.492578 0.386111 0.119531 0.2 0.769255
