18 0.524609 0.552778 0.158594 0.238889 0.349595
18 0.526172 0.55 0.155469 0.255556 0.374651
18 0.526172 0.55 0.155469 0.252778 0.428794
18 0.526172 0.550694 0.153906 0.254167 0.446057
18 0.524219 0.551389 0.15625 0.233333 0.481618
18 0.523828 0.552083 0.152344 0.234722 0.518815
18 0.524219 0.551389 0.157813 0.247222 0.530101
18 0.524219 0.551389 0.15625 0.241667 0.553067
18 0.523828 0.552083 0.152344 0.243056 0.59391
18 0.524609 0.552778 0.158594 0.238889 0.349595
18 0.526172 0.55 0.155469 0.255556 0.374651
18 0.526172 0.55 0.155469 0.252778 0.428794
18 0.526172 0.550694 0.153906 0.254167 0.446057
18 0.524219 0.551389 0.15625 0.233333 0.481618
18 0.523828 0.552083 0.152344 0.234722 0.518815
18 0.524219 0.551389 0.157813 0.247222 0.530101
18 0.524219 0.551389 0.15625 0.241667 0.553067
18 0.523828 0.552083 0.152344 0.243056 0.59391
