18 0.529688 0.545833 0.146875 0.213889 0.484573
18 0.529297 0.546528 0.142969 0.2125 0.514658
18 0.530469 0.54375 0.146875 0.231944 0.684975
18 0.530859 0.545833 0.149219 0.227778 0.71428
18 0.530469 0.543056 0.146875 0.230556 0.719377
18 0.530859 0.543056 0.144531 0.230556 0.728211
18 0.530469 0.544444 0.148438 0.225 0.743406
18 0.530469 0.545139 0.145313 0.226389 0.768208
18 0.529688 0.545833 0.146875 0.213889 0.484573
18 0.529297 0.546528 0.142969 0.2125 0.514658
18 0.530469 0.54375 0.146875 0.231944 0.684975
18 0.530859 0.545833 0.149219 0.227778 0.71428
18 0.530469 0.543056 0.146875 0.230556 0.719377
18 0.530859 0.543056 0.144531 0.230556 0.728211
18 0.530469 0.544444 0.148438 0.225 0.743406
18 0.530469 0.545139 0.145313 0.226389 0.768208
