18 0.491406 0.388889 0.117188 0.211111 0.291092
18 0.491406 0.389583 0.114063 0.209722 0.320555
18 0.491406 0.393056 0.121875 0.225 0.55639
18 0.491797 0.394444 0.121094 0.222222 0.568217
18 0.491406 0.39375 0.120312 0.223611 0.629305
18 0.491406 0.390972 0.11875 0.226389 0.639291
18 0.492188 0.391667 0.11875 0.225 0.65336
18 0.491797 0.392361 0.116406 0.226389 0.680527
18 0.491406 0.388889 0.117188 0.211111 0.291092
18 0.491406 0.389583 0.114063 0.209722 0.320555
18 0.491406 0.393056 0.121875 0.225 0.55639
18 0.491797 0.394444 0.121094 0.222222 0.568217
18 0.491406 0.39375 0.120312 0.223611 0.629305
18 0.491406 0.390972 0.11875 0.226389 0.639291
18 0.492188 0.391667 0.11875 0.225 0.65336
18 0.491797 0.392361 0.116406 0.226389 0.680527
