1 0.515234 0.419444 0.0914062 0.363889 0.272481
1 0.515234 0.420139 0.0898438 0.3625 0.301931
1 0.515234 0.425 0.0898438 0.363889 0.3465
1 0.515234 0.425 0.0898438 0.363889 0.435182
1 0.515625 0.425 0.0875 0.361111 0.485149
1 0.516016 0.422917 0.0898438 0.370833 0.749448
1 0.516016 0.422917 0.0882813 0.365278 0.758842
1 0.516016 0.422222 0.0898438 0.366667 0.762684
1 0.515234 0.419444 0.0914062 0.363889 0.272481
1 0.515234 0.420139 0.0898438 0.3625 0.301931
1 0.515234 0.425 0.0898438 0.363889 0.3465
1 0.515234 0.425 0.0898438 0.363889 0.435182
1 0.515625 0.425 0.0875 0.361111 0.485149
1 0.516016 0.422917 0.0898438 0.370833 0.749448
1 0.516016 0.422917 0.0882813 0.365278 0.758842
1 0.516016 0.422222 0.0898438 0.366667 0.762684
