21 0.5125 0.45625 0.090625 0.390278 0.28374
21 0.512891 0.457639 0.0914062 0.384722 0.355818
21 0.513281 0.457639 0.0875 0.384722 0.387446
21 0.513672 0.455556 0.0867188 0.391667 0.427803
21 0.513672 0.453472 0.0867188 0.3875 0.453043
21 0.513672 0.454861 0.0851562 0.381944 0.4631
21 0.513281 0.455556 0.0875 0.383333 0.530016
21 0.514063 0.454861 0.0859375 0.381944 0.60589
21 0.513672 0.454167 0.0882813 0.380556 0.619786
21 0.5125 0.45625 0.090625 0.390278 0.28374
21 0.512891 0.457639 0.0914062 0.384722 0.355818
21 0.513281 0.457639 0.0875 0.384722 0.387446
21 0.513672 0.455556 0.0867188 0.391667 0.427803
21 0.513672 0.453472 0.0867188 0.3875 0.453043
21 0.513672 0.454861 0.0851562 0.381944 0.4631
21 0.513281 0.455556 0.0875 0.383333 0.530016
21 0.514063 0.454861 0.0859375 0.381944 0.60589
21 0.513672 0.454167 0.0882813 0.380556 0.619786
