18 0.530469 0.552083 0.159375 0.231944 0.357702
18 0.530469 0.551389 0.159375 0.230556 0.597782
18 0.530078 0.552083 0.153906 0.229167 0.622574
18 0.530859 0.555556 0.160156 0.238889 0.651538
18 0.530469 0.554861 0.159375 0.234722 0.682652
18 0.528516 0.548611 0.157031 0.244444 0.684682
18 0.530078 0.555556 0.157031 0.236111 0.717345
18 0.528516 0.548611 0.155469 0.244444 0.729979
18 0.528516 0.548611 0.157031 0.247222 0.732361
18 0.530469 0.552083 0.159375 0.231944 0.357702
18 0.530469 0.551389 0.159375 0.230556 0.597782
18 0.530078 0.552083 0.153906 0.229167 0.622574
18 0.530859 0.555556 0.160156 0.238889 0.651538
18 0.530469 0.554861 0.159375 0.234722 0.682652
18 0.528516 0.548611 0.157031 0.244444 0.684682
18 0.530078 0.555556 0.157031 0.236111 0.717345
18 0.528516 0.548611 0.155469 0.244444 0.729979
18 0.528516 0.548611 0.157031 0.247222 0.732361
