18 0.530859 0.553472 0.144531 0.243056 0.279798
18 0.530469 0.554167 0.140625 0.241667 0.31647
18 0.532812 0.54375 0.140625 0.273611 0.49458
18 0.532422 0.543056 0.141406 0.272222 0.510989
18 0.532812 0.543056 0.139062 0.269444 0.533515
18 0.532031 0.545833 0.140625 0.266667 0.579677
18 0.53125 0.544444 0.140625 0.263889 0.600991
18 0.53125 0.545139 0.1375 0.265278 0.623319
18 0.530859 0.553472 0.144531 0.243056 0.279798
18 0.530469 0.554167 0.140625 0.241667 0.31647
18 0.532812 0.54375 0.140625 0.273611 0.49458
18 0.532422 0.543056 0.141406 0.272222 0.510989
18 0.532812 0.543056 0.139062 0.269444 0.533515
18 0.532031 0.545833 0.140625 0.266667 0.579677
18 0.53125 0.544444 0.140625 0.263889 0.600991
18 0.53125 0.545139 0.1375 0.265278 0.623319
