21 0.510938 0.443056 0.096875 0.388889 0.395258
21 0.511328 0.443056 0.0929687 0.388889 0.395858
21 0.5125 0.439583 0.090625 0.3875 0.54202
1 0.5125 0.4375 0.0890625 0.394444 0.559753
21 0.5125 0.440278 0.0890625 0.380556 0.571244
1 0.5125 0.4375 0.0890625 0.388889 0.620805
1 0.5125 0.4375 0.0875 0.388889 0.628775
21 0.512109 0.440278 0.0914062 0.383333 0.630863
21 0.510938 0.443056 0.096875 0.388889 0.395258
21 0.511328 0.443056 0.0929687 0.388889 0.395858
21 0.5125 0.439583 0.090625 0.3875 0.54202
1 0.5125 0.4375 0.0890625 0.394444 0.559753
21 0.5125 0.440278 0.0890625 0.380556 0.571244
1 0.5125 0.4375 0.0890625 0.388889 0.620805
1 0.5125 0.4375 0.0875 0.388889 0.628775
21 0.512109 0.440278 0.0914062 0.383333 0.630863
