21 0.512109 0.446528 0.0929687 0.3875 0.386048
21 0.511719 0.447917 0.09375 0.384722 0.534289
21 0.512109 0.447917 0.0898438 0.384722 0.538301
21 0.513281 0.445139 0.0875 0.3875 0.574347
21 0.513672 0.445833 0.0867188 0.383333 0.634991
21 0.512891 0.446528 0.0882813 0.384722 0.658085
21 0.513281 0.446528 0.0875 0.379167 0.670267
21 0.513281 0.445139 0.0890625 0.381944 0.677869
21 0.512891 0.446528 0.0898438 0.379167 0.719567
21 0.512109 0.446528 0.0929687 0.3875 0.386048
21 0.511719 0.447917 0.09375 0.384722 0.534289
21 0.512109 0.447917 0.0898438 0.384722 0.538301
21 0.513281 0.445139 0.0875 0.3875 0.574347
21 0.513672 0.445833 0.0867188 0.383333 0.634991
21 0.512891 0.446528 0.0882813 0.384722 0.658085
21 0.513281 0.446528 0.0875 0.379167 0.670267
21 0.513281 0.445139 0.0890625 0.381944 0.677869
21 0.512891 0.446528 0.0898438 0.379167 0.719567
