21 0.510547 0.44375 0.0945313 0.384722 0.347455
21 0.511328 0.44375 0.0914062 0.384722 0.351382
21 0.512109 0.441667 0.0882813 0.383333 0.370221
21 0.5125 0.441667 0.0875 0.377778 0.395066
21 0.512109 0.442361 0.0882813 0.379167 0.473082
1 0.512891 0.440278 0.0867188 0.391667 0.585051
1 0.5125 0.440972 0.0859375 0.384722 0.648835
1 0.512891 0.440278 0.0882813 0.386111 0.650225
21 0.510547 0.44375 0.0945313 0.384722 0.347455
21 0.511328 0.44375 0.0914062 0.384722 0.351382
21 0.512109 0.441667 0.0882813 0.383333 0.370221
21 0.5125 0.441667 0.0875 0.377778 0.395066
21 0.512109 0.442361 0.0882813 0.379167 0.473082
1 0.512891 0.440278 0.0867188 0.391667 0.585051
1 0.5125 0.440972 0.0859375 0.384722 0.648835
1 0.512891 0.440278 0.0882813 0.386111 0.650225
