21 0.513281 0.442361 0.0953125 0.3875 0.262759
21 0.513672 0.442361 0.0914062 0.3875 0.26808
21 0.515234 0.4375 0.0867188 0.380556 0.514017
21 0.515625 0.438194 0.0859375 0.376389 0.542887
1 0.515625 0.434722 0.0859375 0.388889 0.561766
21 0.515234 0.4375 0.0882813 0.377778 0.598954
1 0.516016 0.434028 0.0867188 0.384722 0.608718
1 0.515625 0.434722 0.0859375 0.383333 0.635797
21 0.513281 0.442361 0.0953125 0.3875 0.262759
21 0.513672 0.442361 0.0914062 0.3875 0.26808
21 0.515234 0.4375 0.0867188 0.380556 0.514017
21 0.515625 0.438194 0.0859375 0.376389 0.542887
1 0.515625 0.434722 0.0859375 0.388889 0.561766
21 0.515234 0.4375 0.0882813 0.377778 0.598954
1 0.516016 0.434028 0.0867188 0.384722 0.608718
1 0.515625 0.434722 0.0859375 0.383333 0.635797
