18 0.530469 0.545833 0.151562 0.227778 0.307098
18 0.530469 0.545833 0.148438 0.225 0.334214
18 0.532031 0.539583 0.15 0.2375 0.670181
18 0.532422 0.540278 0.153906 0.244444 0.675178
18 0.532031 0.539583 0.15 0.2375 0.687934
18 0.532422 0.539583 0.147656 0.2375 0.698131
18 0.532031 0.538889 0.153125 0.238889 0.701087
18 0.532422 0.540278 0.149219 0.241667 0.731696
18 0.530469 0.545833 0.151562 0.227778 0.307098
18 0.530469 0.545833 0.148438 0.225 0.334214
18 0.532031 0.539583 0.15 0.2375 0.670181
18 0.532422 0.540278 0.153906 0.244444 0.675178
18 0.532031 0.539583 0.15 0.2375 0.687934
18 0.532422 0.539583 0.147656 0.2375 0.698131
18 0.532031 0.538889 0.153125 0.238889 0.701087
18 0.532422 0.540278 0.149219 0.241667 0.731696
