13 0.524609 0.384028 0.125781 0.276389 0.307961
13 0.524609 0.383333 0.125781 0.277778 0.340341
13 0.524219 0.384028 0.121875 0.273611 0.358716
13 0.521094 0.381944 0.126563 0.275 0.546362
13 0.521094 0.381944 0.123438 0.275 0.631738
13 0.521094 0.381944 0.126563 0.269444 0.643167
13 0.524609 0.384028 0.125781 0.276389 0.307961
13 0.524609 0.383333 0.125781 0.277778 0.340341
13 0.524219 0.384028 0.121875 0.273611 0.358716
13 0.521094 0.381944 0.126563 0.275 0.546362
13 0.521094 0.381944 0.123438 0.275 0.631738
13 0.521094 0.381944 0.126563 0.269444 0.643167
