1 0.515234 0.360417 0.0992187 0.256944 0.46919
1 0.515625 0.3625 0.0984375 0.25 0.475234
1 0.515625 0.361806 0.0984375 0.251389 0.517565
1 0.515234 0.361806 0.0976562 0.254167 0.529505
1 0.516016 0.361111 0.100781 0.255556 0.534131
1 0.515234 0.361806 0.0960938 0.248611 0.55181
1 0.515234 0.360417 0.0992187 0.256944 0.46919
1 0.515625 0.3625 0.0984375 0.25 0.475234
1 0.515625 0.361806 0.0984375 0.251389 0.517565
1 0.515234 0.361806 0.0976562 0.254167 0.529505
1 0.516016 0.361111 0.100781 0.255556 0.534131
1 0.515234 0.361806 0.0960938 0.248611 0.55181
