18 0.529297 0.552778 0.149219 0.233333 0.299828
18 0.528906 0.554167 0.14375 0.233333 0.359621
18 0.530078 0.546528 0.147656 0.268056 0.540953
18 0.530078 0.545139 0.147656 0.265278 0.548875
18 0.530078 0.549306 0.147656 0.254167 0.556163
18 0.529688 0.547917 0.146875 0.251389 0.568772
18 0.530078 0.545833 0.144531 0.263889 0.575248
18 0.529688 0.549306 0.14375 0.251389 0.612388
18 0.529297 0.552778 0.149219 0.233333 0.299828
18 0.528906 0.554167 0.14375 0.233333 0.359621
18 0.530078 0.546528 0.147656 0.268056 0.540953
18 0.530078 0.545139 0.147656 0.265278 0.548875
18 0.530078 0.549306 0.147656 0.254167 0.556163
18 0.529688 0.547917 0.146875 0.251389 0.568772
18 0.530078 0.545833 0.144531 0.263889 0.575248
18 0.529688 0.549306 0.14375 0.251389 0.612388
