18 0.490234 0.379861 0.132031 0.204167 0.494919
18 0.490234 0.38125 0.132031 0.201389 0.577321
18 0.490234 0.38125 0.128906 0.201389 0.6006
18 0.490625 0.385417 0.1375 0.204167 0.677095
18 0.491016 0.379861 0.133594 0.204167 0.73324
18 0.490625 0.384028 0.1375 0.206944 0.755222
18 0.490625 0.385417 0.1375 0.206944 0.760192
18 0.490234 0.379167 0.133594 0.208333 0.768788
18 0.490625 0.380556 0.13125 0.208333 0.790669
18 0.490234 0.379861 0.132031 0.204167 0.494919
18 0.490234 0.38125 0.132031 0.201389 0.577321
18 0.490234 0.38125 0.128906 0.201389 0.6006
18 0.490625 0.385417 0.1375 0.204167 0.677095
18 0.491016 0.379861 0.133594 0.204167 0.73324
18 0.490625 0.384028 0.1375 0.206944 0.755222
18 0.490625 0.385417 0.1375 0.206944 0.760192
18 0.490234 0.379167 0.133594 0.208333 0.768788
18 0.490625 0.380556 0.13125 0.208333 0.790669
