18 0.530078 0.545833 0.152344 0.225 0.334854
18 0.530078 0.545833 0.149219 0.222222 0.365959
18 0.532422 0.540278 0.155469 0.238889 0.655505
18 0.531641 0.539583 0.152344 0.2375 0.67994
18 0.532031 0.539583 0.154687 0.234722 0.681082
18 0.531641 0.538889 0.152344 0.236111 0.695778
18 0.531641 0.539583 0.149219 0.2375 0.716163
18 0.532031 0.539583 0.151562 0.2375 0.721931
18 0.530078 0.545833 0.152344 0.225 0.334854
18 0.530078 0.545833 0.149219 0.222222 0.365959
18 0.532422 0.540278 0.155469 0.238889 0.655505
18 0.531641 0.539583 0.152344 0.2375 0.67994
18 0.532031 0.539583 0.154687 0.234722 0.681082
18 0.531641 0.538889 0.152344 0.236111 0.695778
18 0.531641 0.539583 0.149219 0.2375 0.716163
18 0.532031 0.539583 0.151562 0.2375 0.721931
