13 0.518359 0.438194 0.0835937 0.381944 0.380494
21 0.519141 0.438194 0.0820312 0.376389 0.381913
21 0.518359 0.438889 0.0851562 0.377778 0.462164
1 0.519141 0.436111 0.0820312 0.391667 0.681623
1 0.51875 0.436111 0.0828125 0.388889 0.724448
1 0.51875 0.436806 0.08125 0.3875 0.728903
13 0.518359 0.438194 0.0835937 0.381944 0.380494
21 0.519141 0.438194 0.0820312 0.376389 0.381913
21 0.518359 0.438889 0.0851562 0.377778 0.462164
1 0.519141 0.436111 0.0820312 0.391667 0.681623
1 0.51875 0.436111 0.0828125 0.388889 0.724448
1 0.51875 0.436806 0.08125 0.3875 0.728903
