21 0.511719 0.443056 0.096875 0.388889 0.353497
21 0.512109 0.443056 0.0945313 0.388889 0.358106
1 0.513672 0.435417 0.0898438 0.390278 0.427876
1 0.513672 0.436111 0.0898438 0.386111 0.47957
1 0.513281 0.436806 0.0890625 0.384722 0.51816
21 0.513281 0.438889 0.090625 0.383333 0.597943
21 0.513672 0.439583 0.0898438 0.379167 0.624555
21 0.513281 0.438889 0.0921875 0.380556 0.666798
21 0.511719 0.443056 0.096875 0.388889 0.353497
21 0.512109 0.443056 0.0945313 0.388889 0.358106
1 0.513672 0.435417 0.0898438 0.390278 0.427876
1 0.513672 0.436111 0.0898438 0.386111 0.47957
1 0.513281 0.436806 0.0890625 0.384722 0.51816
21 0.513281 0.438889 0.090625 0.383333 0.597943
21 0.513672 0.439583 0.0898438 0.379167 0.624555
21 0.513281 0.438889 0.0921875 0.380556 0.666798
