18 0.530078 0.550694 0.146094 0.209722 0.280712
18 0.529688 0.55 0.145313 0.208333 0.59516
18 0.529688 0.551389 0.140625 0.208333 0.613866
18 0.530469 0.55 0.142188 0.227778 0.657024
18 0.530469 0.549306 0.142188 0.226389 0.711638
18 0.530469 0.55 0.140625 0.225 0.712948
18 0.530859 0.552083 0.144531 0.220833 0.73289
18 0.530469 0.550694 0.14375 0.218056 0.769266
18 0.530469 0.551389 0.140625 0.219444 0.781336
18 0.530078 0.550694 0.146094 0.209722 0.280712
18 0.529688 0.55 0.145313 0.208333 0.59516
18 0.529688 0.551389 0.140625 0.208333 0.613866
18 0.530469 0.55 0.142188 0.227778 0.657024
18 0.530469 0.549306 0.142188 0.226389 0.711638
18 0.530469 0.55 0.140625 0.225 0.712948
18 0.530859 0.552083 0.144531 0.220833 0.73289
18 0.530469 0.550694 0.14375 0.218056 0.769266
18 0.530469 0.551389 0.140625 0.219444 0.781336
