18 0.525781 0.552778 0.146875 0.241667 0.292125
18 0.525781 0.552083 0.145313 0.234722 0.421399
18 0.527344 0.546528 0.14375 0.268056 0.452894
18 0.525391 0.552778 0.141406 0.236111 0.459239
18 0.526172 0.55 0.146094 0.247222 0.46956
18 0.526563 0.551389 0.146875 0.252778 0.470962
18 0.527344 0.545833 0.14375 0.266667 0.485158
18 0.527734 0.546528 0.142969 0.265278 0.48787
18 0.526172 0.550694 0.142969 0.248611 0.514131
18 0.525781 0.552778 0.146875 0.241667 0.292125
18 0.525781 0.552083 0.145313 0.234722 0.421399
18 0.527344 0.546528 0.14375 0.268056 0.452894
18 0.525391 0.552778 0.141406 0.236111 0.459239
18 0.526172 0.55 0.146094 0.247222 0.46956
18 0.526563 0.551389 0.146875 0.252778 0.470962
18 0.527344 0.545833 0.14375 0.266667 0.485158
18 0.527734 0.546528 0.142969 0.265278 0.48787
18 0.526172 0.550694 0.142969 0.248611 0.514131
