21 0.517969 0.441667 0.0828125 0.383333 0.315688
1 0.517969 0.442361 0.08125 0.376389 0.326421
21 0.517578 0.442361 0.0835937 0.379167 0.391
1 0.51875 0.441667 0.08125 0.391667 0.654876
1 0.518359 0.442361 0.0820312 0.3875 0.711765
1 0.517969 0.443056 0.0796875 0.386111 0.713697
21 0.517969 0.441667 0.0828125 0.383333 0.315688
1 0.517969 0.442361 0.08125 0.376389 0.326421
21 0.517578 0.442361 0.0835937 0.379167 0.391
1 0.51875 0.441667 0.08125 0.391667 0.654876
1 0.518359 0.442361 0.0820312 0.3875 0.711765
1 0.517969 0.443056 0.0796875 0.386111 0.713697
