1 0.522266 0.372222 0.0929687 0.283333 0.586036
1 0.521094 0.370139 0.0890625 0.279167 0.601565
1 0.521094 0.372917 0.0890625 0.276389 0.637186
1 0.520703 0.371528 0.0882813 0.276389 0.651965
1 0.521484 0.371528 0.0898438 0.279167 0.654556
1 0.522266 0.372222 0.0945313 0.280556 0.669598
1 0.522266 0.372222 0.0929687 0.283333 0.586036
1 0.521094 0.370139 0.0890625 0.279167 0.601565
1 0.521094 0.372917 0.0890625 0.276389 0.637186
1 0.520703 0.371528 0.0882813 0.276389 0.651965
1 0.521484 0.371528 0.0898438 0.279167 0.654556
1 0.522266 0.372222 0.0945313 0.280556 0.669598
