18 0.523438 0.555556 0.170312 0.247222 0.274075
18 0.523047 0.554861 0.167969 0.240278 0.276597
18 0.525781 0.551389 0.164062 0.258333 0.297191
18 0.524219 0.55625 0.170312 0.243056 0.300729
18 0.522656 0.55625 0.165625 0.243056 0.344698
18 0.525781 0.551389 0.164062 0.255556 0.362446
18 0.523828 0.554861 0.167969 0.2375 0.377905
18 0.525781 0.552083 0.164062 0.256944 0.387748
18 0.523047 0.555556 0.164844 0.238889 0.429454
18 0.523438 0.555556 0.170312 0.247222 0.274075
18 0.523047 0.554861 0.167969 0.240278 0.276597
18 0.525781 0.551389 0.164062 0.258333 0.297191
18 0.524219 0.55625 0.170312 0.243056 0.300729
18 0.522656 0.55625 0.165625 0.243056 0.344698
18 0.525781 0.551389 0.164062 0.255556 0.362446
18 0.523828 0.554861 0.167969 0.2375 0.377905
18 0.525781 0.552083 0.164062 0.256944 0.387748
18 0.523047 0.555556 0.164844 0.238889 0.429454
