21 0.508984 0.414583 0.114844 0.265278 0.601226
21 0.508594 0.41875 0.117188 0.268056 0.609043
21 0.508984 0.415278 0.114844 0.269444 0.758296
21 0.508984 0.415278 0.114844 0.269444 0.759399
21 0.508203 0.416667 0.116406 0.266667 0.765362
21 0.508203 0.416667 0.114844 0.266667 0.776299
21 0.507812 0.416667 0.117188 0.269444 0.78766
21 0.508594 0.417361 0.115625 0.268056 0.801204
21 0.508984 0.417361 0.117969 0.268056 0.803173
21 0.508984 0.414583 0.114844 0.265278 0.601226
21 0.508594 0.41875 0.117188 0.268056 0.609043
21 0.508984 0.415278 0.114844 0.269444 0.758296
21 0.508984 0.415278 0.114844 0.269444 0.759399
21 0.508203 0.416667 0.116406 0.266667 0.765362
21 0.508203 0.416667 0.114844 0.266667 0.776299
21 0.507812 0.416667 0.117188 0.269444 0.78766
21 0.508594 0.417361 0.115625 0.268056 0.801204
21 0.508984 0.417361 0.117969 0.268056 0.803173
