21 0.512109 0.411806 0.0929687 0.329167 0.431482
21 0.5125 0.410417 0.096875 0.331944 0.450934
21 0.512109 0.411806 0.0929687 0.326389 0.571019
21 0.512891 0.411806 0.0960938 0.326389 0.58641
21 0.512891 0.411111 0.0976562 0.327778 0.591417
21 0.512109 0.410417 0.0929687 0.320833 0.598099
21 0.5125 0.410417 0.0921875 0.318056 0.616122
21 0.512109 0.411806 0.0945313 0.329167 0.619816
21 0.5125 0.409722 0.09375 0.322222 0.678052
21 0.512109 0.411806 0.0929687 0.329167 0.431482
21 0.5125 0.410417 0.096875 0.331944 0.450934
21 0.512109 0.411806 0.0929687 0.326389 0.571019
21 0.512891 0.411806 0.0960938 0.326389 0.58641
21 0.512891 0.411111 0.0976562 0.327778 0.591417
21 0.512109 0.410417 0.0929687 0.320833 0.598099
21 0.5125 0.410417 0.0921875 0.318056 0.616122
21 0.512109 0.411806 0.0945313 0.329167 0.619816
21 0.5125 0.409722 0.09375 0.322222 0.678052
