21 0.514063 0.413194 0.103125 0.2625 0.40207
21 0.514063 0.414583 0.103125 0.265278 0.695359
21 0.514063 0.414583 0.103125 0.265278 0.699526
21 0.513672 0.415972 0.102344 0.265278 0.729816
21 0.513672 0.414583 0.102344 0.265278 0.816302
21 0.513672 0.414583 0.103906 0.265278 0.82161
21 0.513672 0.415278 0.100781 0.266667 0.836127
21 0.513281 0.415278 0.101562 0.266667 0.840888
21 0.513672 0.414583 0.102344 0.265278 0.849224
21 0.514063 0.413194 0.103125 0.2625 0.40207
21 0.514063 0.414583 0.103125 0.265278 0.695359
21 0.514063 0.414583 0.103125 0.265278 0.699526
21 0.513672 0.415972 0.102344 0.265278 0.729816
21 0.513672 0.414583 0.102344 0.265278 0.816302
21 0.513672 0.414583 0.103906 0.265278 0.82161
21 0.513672 0.415278 0.100781 0.266667 0.836127
21 0.513281 0.415278 0.101562 0.266667 0.840888
21 0.513672 0.414583 0.102344 0.265278 0.849224
