1 0.519922 0.374306 0.0976562 0.2875 0.526182
1 0.519141 0.375694 0.0945313 0.281944 0.615227
1 0.519922 0.375 0.0992187 0.283333 0.635691
1 0.519141 0.374306 0.0945313 0.284722 0.696024
1 0.51875 0.375 0.09375 0.280556 0.696891
1 0.51875 0.374306 0.0953125 0.284722 0.703716
1 0.519922 0.374306 0.0976562 0.2875 0.526182
1 0.519141 0.375694 0.0945313 0.281944 0.615227
1 0.519922 0.375 0.0992187 0.283333 0.635691
1 0.519141 0.374306 0.0945313 0.284722 0.696024
1 0.51875 0.375 0.09375 0.280556 0.696891
1 0.51875 0.374306 0.0953125 0.284722 0.703716
