13 0.513672 0.456944 0.0851562 0.455556 0.298125
13 0.513672 0.454861 0.0851562 0.4625 0.31641
1 0.514844 0.45625 0.0796875 0.451389 0.334213
1 0.51875 0.451389 0.0796875 0.491667 0.596782
1 0.51875 0.452778 0.078125 0.475 0.602957
1 0.51875 0.452083 0.0796875 0.476389 0.612568
13 0.517969 0.454167 0.0796875 0.466667 0.650035
1 0.518359 0.454861 0.0789063 0.4625 0.66265
13 0.518359 0.454167 0.0804688 0.472222 0.700794
13 0.513672 0.456944 0.0851562 0.455556 0.298125
13 0.513672 0.454861 0.0851562 0.4625 0.31641
1 0.514844 0.45625 0.0796875 0.451389 0.334213
1 0.51875 0.451389 0.0796875 0.491667 0.596782
1 0.51875 0.452778 0.078125 0.475 0.602957
1 0.51875 0.452083 0.0796875 0.476389 0.612568
13 0.517969 0.454167 0.0796875 0.466667 0.650035
1 0.518359 0.454861 0.0789063 0.4625 0.66265
13 0.518359 0.454167 0.0804688 0.472222 0.700794
