13 0.525781 0.414583 0.157813 0.281944 0.275859
13 0.525391 0.413194 0.163281 0.290278 0.293121
13 0.525781 0.414583 0.157813 0.284722 0.300012
13 0.525 0.413194 0.159375 0.284722 0.310232
13 0.525391 0.4125 0.161719 0.283333 0.317904
13 0.526172 0.413889 0.161719 0.283333 0.319583
13 0.525781 0.414583 0.157813 0.281944 0.275859
13 0.525391 0.413194 0.163281 0.290278 0.293121
13 0.525781 0.414583 0.157813 0.284722 0.300012
13 0.525 0.413194 0.159375 0.284722 0.310232
13 0.525391 0.4125 0.161719 0.283333 0.317904
13 0.526172 0.413889 0.161719 0.283333 0.319583
