1 0.515234 0.411111 0.0914062 0.330556 0.281131
1 0.514844 0.409722 0.0890625 0.333333 0.323872
1 0.515234 0.411806 0.0898438 0.329167 0.343293
1 0.515234 0.410417 0.0882813 0.331944 0.369231
1 0.515625 0.409722 0.0875 0.330556 0.43557
1 0.516016 0.409722 0.0882813 0.330556 0.617368
1 0.516016 0.409722 0.0882813 0.330556 0.635421
1 0.516016 0.409722 0.0867188 0.327778 0.673481
1 0.515234 0.411111 0.0914062 0.330556 0.281131
1 0.514844 0.409722 0.0890625 0.333333 0.323872
1 0.515234 0.411806 0.0898438 0.329167 0.343293
1 0.515234 0.410417 0.0882813 0.331944 0.369231
1 0.515625 0.409722 0.0875 0.330556 0.43557
1 0.516016 0.409722 0.0882813 0.330556 0.617368
1 0.516016 0.409722 0.0882813 0.330556 0.635421
1 0.516016 0.409722 0.0867188 0.327778 0.673481
