18 0.526563 0.551389 0.167187 0.261111 0.25273
18 0.526172 0.551389 0.166406 0.255556 0.301546
18 0.524609 0.557639 0.169531 0.248611 0.308595
18 0.526953 0.552778 0.164844 0.258333 0.324162
18 0.524609 0.555556 0.169531 0.252778 0.358871
18 0.523828 0.555556 0.167969 0.244444 0.382458
18 0.524609 0.555556 0.167969 0.241667 0.401053
18 0.523828 0.555556 0.164844 0.247222 0.435763
18 0.524219 0.55625 0.164062 0.243056 0.445273
18 0.526563 0.551389 0.167187 0.261111 0.25273
18 0.526172 0.551389 0.166406 0.255556 0.301546
18 0.524609 0.557639 0.169531 0.248611 0.308595
18 0.526953 0.552778 0.164844 0.258333 0.324162
18 0.524609 0.555556 0.169531 0.252778 0.358871
18 0.523828 0.555556 0.167969 0.244444 0.382458
18 0.524609 0.555556 0.167969 0.241667 0.401053
18 0.523828 0.555556 0.164844 0.247222 0.435763
18 0.524219 0.55625 0.164062 0.243056 0.445273
