13 0.514844 0.444444 0.084375 0.475 0.25793
1 0.514844 0.444444 0.084375 0.483333 0.297487
1 0.515234 0.444444 0.0820312 0.472222 0.422642
1 0.516797 0.440278 0.0773437 0.502778 0.624179
1 0.516797 0.440972 0.0789063 0.493056 0.624344
1 0.517187 0.441667 0.0765625 0.491667 0.626532
13 0.514844 0.444444 0.084375 0.475 0.25793
1 0.514844 0.444444 0.084375 0.483333 0.297487
1 0.515234 0.444444 0.0820312 0.472222 0.422642
1 0.516797 0.440278 0.0773437 0.502778 0.624179
1 0.516797 0.440972 0.0789063 0.493056 0.624344
1 0.517187 0.441667 0.0765625 0.491667 0.626532
