18 0.525781 0.472917 0.167187 0.243056 0.253368
18 0.525781 0.472917 0.171875 0.240278 0.255869
18 0.528125 0.477083 0.165625 0.243056 0.282446
18 0.526953 0.475694 0.164844 0.243056 0.493302
18 0.527344 0.475694 0.164062 0.245833 0.539537
18 0.526953 0.475694 0.160156 0.243056 0.559632
18 0.527734 0.475694 0.164844 0.243056 0.590865
18 0.527734 0.476389 0.160156 0.241667 0.620796
18 0.525781 0.472917 0.167187 0.243056 0.253368
18 0.525781 0.472917 0.171875 0.240278 0.255869
18 0.528125 0.477083 0.165625 0.243056 0.282446
18 0.526953 0.475694 0.164844 0.243056 0.493302
18 0.527344 0.475694 0.164062 0.245833 0.539537
18 0.526953 0.475694 0.160156 0.243056 0.559632
18 0.527734 0.475694 0.164844 0.243056 0.590865
18 0.527734 0.476389 0.160156 0.241667 0.620796
