18 0.576172 0.6625 0.208594 0.297222 0.45009
18 0.575781 0.663194 0.209375 0.290278 0.473689
18 0.575391 0.663194 0.207031 0.290278 0.518609
18 0.576172 0.659722 0.210156 0.286111 0.634588
18 0.576172 0.659722 0.210156 0.288889 0.651176
18 0.575781 0.660417 0.207813 0.2875 0.654218
18 0.576172 0.6625 0.208594 0.297222 0.45009
18 0.575781 0.663194 0.209375 0.290278 0.473689
18 0.575391 0.663194 0.207031 0.290278 0.518609
18 0.576172 0.659722 0.210156 0.286111 0.634588
18 0.576172 0.659722 0.210156 0.288889 0.651176
18 0.575781 0.660417 0.207813 0.2875 0.654218
