1 0.515234 0.407639 0.0851562 0.3375 0.279199
1 0.515234 0.407639 0.0835937 0.3375 0.332517
1 0.516016 0.407639 0.0851562 0.343056 0.367184
1 0.515625 0.409028 0.084375 0.345833 0.374961
1 0.516016 0.408333 0.0820312 0.341667 0.445917
1 0.517578 0.409722 0.0820312 0.341667 0.676223
1 0.517187 0.409722 0.08125 0.338889 0.690273
1 0.517187 0.410417 0.08125 0.334722 0.699044
1 0.515234 0.407639 0.0851562 0.3375 0.279199
1 0.515234 0.407639 0.0835937 0.3375 0.332517
1 0.516016 0.407639 0.0851562 0.343056 0.367184
1 0.515625 0.409028 0.084375 0.345833 0.374961
1 0.516016 0.408333 0.0820312 0.341667 0.445917
1 0.517578 0.409722 0.0820312 0.341667 0.676223
1 0.517187 0.409722 0.08125 0.338889 0.690273
1 0.517187 0.410417 0.08125 0.334722 0.699044
