21 0.510156 0.443056 0.096875 0.388889 0.400578
21 0.510938 0.442361 0.09375 0.3875 0.402097
1 0.5125 0.4375 0.0890625 0.391667 0.480917
1 0.512109 0.436806 0.0898438 0.3875 0.543561
1 0.512109 0.4375 0.0882813 0.386111 0.565945
21 0.512109 0.440278 0.0914062 0.386111 0.623259
21 0.5125 0.440278 0.0890625 0.380556 0.649905
21 0.512109 0.439583 0.0914062 0.381944 0.691486
21 0.510156 0.443056 0.096875 0.388889 0.400578
21 0.510938 0.442361 0.09375 0.3875 0.402097
1 0.5125 0.4375 0.0890625 0.391667 0.480917
1 0.512109 0.436806 0.0898438 0.3875 0.543561
1 0.512109 0.4375 0.0882813 0.386111 0.565945
21 0.512109 0.440278 0.0914062 0.386111 0.623259
21 0.5125 0.440278 0.0890625 0.380556 0.649905
21 0.512109 0.439583 0.0914062 0.381944 0.691486
