21 0.517578 0.436806 0.0851562 0.381944 0.381938
21 0.517578 0.436806 0.0835937 0.376389 0.39936
21 0.517187 0.4375 0.0859375 0.377778 0.474962
1 0.517969 0.434028 0.084375 0.390278 0.65136
1 0.517578 0.434028 0.0851562 0.3875 0.691265
1 0.517578 0.434028 0.0835937 0.384722 0.70275
21 0.517578 0.436806 0.0851562 0.381944 0.381938
21 0.517578 0.436806 0.0835937 0.376389 0.39936
21 0.517187 0.4375 0.0859375 0.377778 0.474962
1 0.517969 0.434028 0.084375 0.390278 0.65136
1 0.517578 0.434028 0.0851562 0.3875 0.691265
1 0.517578 0.434028 0.0835937 0.384722 0.70275
