1 0.520312 0.360417 0.0953125 0.256944 0.388502
1 0.520703 0.360417 0.0945313 0.254167 0.394492
1 0.520312 0.360417 0.09375 0.254167 0.458426
1 0.520703 0.359722 0.0976562 0.263889 0.477639
1 0.521094 0.359028 0.0984375 0.2625 0.520197
1 0.520312 0.360417 0.0953125 0.259722 0.530206
1 0.520312 0.360417 0.0953125 0.256944 0.388502
1 0.520703 0.360417 0.0945313 0.254167 0.394492
1 0.520312 0.360417 0.09375 0.254167 0.458426
1 0.520703 0.359722 0.0976562 0.263889 0.477639
1 0.521094 0.359028 0.0984375 0.2625 0.520197
1 0.520312 0.360417 0.0953125 0.259722 0.530206
