18 0.582422 0.690972 0.241406 0.318056 0.28909
18 0.582031 0.691667 0.235938 0.316667 0.320879
18 0.585156 0.7 0.23125 0.305556 0.437599
18 0.585547 0.699306 0.230469 0.301389 0.455349
18 0.584375 0.7 0.228125 0.302778 0.5002
18 0.583984 0.694444 0.227344 0.311111 0.618778
18 0.583203 0.695833 0.227344 0.311111 0.622175
18 0.584375 0.695139 0.228125 0.309722 0.625611
18 0.582422 0.690972 0.241406 0.318056 0.28909
18 0.582031 0.691667 0.235938 0.316667 0.320879
18 0.585156 0.7 0.23125 0.305556 0.437599
18 0.585547 0.699306 0.230469 0.301389 0.455349
18 0.584375 0.7 0.228125 0.302778 0.5002
18 0.583984 0.694444 0.227344 0.311111 0.618778
18 0.583203 0.695833 0.227344 0.311111 0.622175
18 0.584375 0.695139 0.228125 0.309722 0.625611
