1 0.517578 0.447222 0.0820312 0.391667 0.339795
1 0.517969 0.447222 0.08125 0.397222 0.423985
1 0.517969 0.447917 0.0796875 0.390278 0.498354
1 0.518359 0.447222 0.0804688 0.405556 0.660625
1 0.518359 0.448611 0.0789063 0.4 0.726724
1 0.517969 0.447917 0.08125 0.401389 0.728442
1 0.517578 0.447222 0.0820312 0.391667 0.339795
1 0.517969 0.447222 0.08125 0.397222 0.423985
1 0.517969 0.447917 0.0796875 0.390278 0.498354
1 0.518359 0.447222 0.0804688 0.405556 0.660625
1 0.518359 0.448611 0.0789063 0.4 0.726724
1 0.517969 0.447917 0.08125 0.401389 0.728442
