1 0.515234 0.365278 0.0945313 0.244444 0.440508
1 0.515625 0.364583 0.0953125 0.245833 0.485579
1 0.514844 0.365278 0.0921875 0.241667 0.526732
1 0.515234 0.364583 0.0960938 0.251389 0.540084
1 0.514453 0.365278 0.0945313 0.247222 0.600383
1 0.515234 0.364583 0.0976562 0.248611 0.615635
1 0.515234 0.365278 0.0945313 0.244444 0.440508
1 0.515625 0.364583 0.0953125 0.245833 0.485579
1 0.514844 0.365278 0.0921875 0.241667 0.526732
1 0.515234 0.364583 0.0960938 0.251389 0.540084
1 0.514453 0.365278 0.0945313 0.247222 0.600383
1 0.515234 0.364583 0.0976562 0.248611 0.615635
