21 0.514453 0.444444 0.108594 0.183333 0.321349
21 0.514453 0.445833 0.108594 0.186111 0.326615
21 0.516406 0.438889 0.10625 0.188889 0.445318
21 0.516016 0.443056 0.111719 0.186111 0.491515
21 0.516797 0.440972 0.107031 0.184722 0.63336
21 0.516797 0.440972 0.105469 0.1875 0.63947
21 0.515625 0.443056 0.109375 0.180556 0.728422
21 0.516016 0.442361 0.111719 0.179167 0.737887
21 0.514453 0.444444 0.108594 0.183333 0.321349
21 0.514453 0.445833 0.108594 0.186111 0.326615
21 0.516406 0.438889 0.10625 0.188889 0.445318
21 0.516016 0.443056 0.111719 0.186111 0.491515
21 0.516797 0.440972 0.107031 0.184722 0.63336
21 0.516797 0.440972 0.105469 0.1875 0.63947
21 0.515625 0.443056 0.109375 0.180556 0.728422
21 0.516016 0.442361 0.111719 0.179167 0.737887
