18 0.528516 0.547917 0.139844 0.218056 0.489574
18 0.528125 0.548611 0.135937 0.219444 0.503217
18 0.529297 0.545833 0.138281 0.244444 0.653488
18 0.529297 0.545833 0.136719 0.241667 0.687376
18 0.529297 0.545833 0.138281 0.241667 0.689375
18 0.529297 0.546528 0.139844 0.2375 0.714134
18 0.528906 0.545833 0.139062 0.233333 0.732079
18 0.528906 0.546528 0.135937 0.234722 0.732933
18 0.528516 0.547917 0.139844 0.218056 0.489574
18 0.528125 0.548611 0.135937 0.219444 0.503217
18 0.529297 0.545833 0.138281 0.244444 0.653488
18 0.529297 0.545833 0.136719 0.241667 0.687376
18 0.529297 0.545833 0.138281 0.241667 0.689375
18 0.529297 0.546528 0.139844 0.2375 0.714134
18 0.528906 0.545833 0.139062 0.233333 0.732079
18 0.528906 0.546528 0.135937 0.234722 0.732933
