1 0.515625 0.454167 0.0796875 0.405556 0.318831
13 0.518359 0.452778 0.0789063 0.408333 0.488542
13 0.51875 0.452778 0.0796875 0.416667 0.573435
1 0.51875 0.452083 0.0796875 0.426389 0.620027
1 0.51875 0.452778 0.078125 0.408333 0.62418
1 0.518359 0.452778 0.0773437 0.416667 0.681855
1 0.51875 0.452778 0.0796875 0.419444 0.689373
1 0.515625 0.454167 0.0796875 0.405556 0.318831
13 0.518359 0.452778 0.0789063 0.408333 0.488542
13 0.51875 0.452778 0.0796875 0.416667 0.573435
1 0.51875 0.452083 0.0796875 0.426389 0.620027
1 0.51875 0.452778 0.078125 0.408333 0.62418
1 0.518359 0.452778 0.0773437 0.416667 0.681855
1 0.51875 0.452778 0.0796875 0.419444 0.689373
