1 0.515234 0.452778 0.0757812 0.455556 0.321763
1 0.51875 0.450694 0.078125 0.465278 0.584239
13 0.519141 0.450694 0.0773437 0.470833 0.63465
1 0.519922 0.449306 0.0757812 0.476389 0.662868
1 0.519922 0.449306 0.0773437 0.476389 0.677672
1 0.519531 0.449306 0.0765625 0.490278 0.67885
1 0.519141 0.450694 0.0757812 0.4625 0.693295
1 0.515234 0.452778 0.0757812 0.455556 0.321763
1 0.51875 0.450694 0.078125 0.465278 0.584239
13 0.519141 0.450694 0.0773437 0.470833 0.63465
1 0.519922 0.449306 0.0757812 0.476389 0.662868
1 0.519922 0.449306 0.0773437 0.476389 0.677672
1 0.519531 0.449306 0.0765625 0.490278 0.67885
1 0.519141 0.450694 0.0757812 0.4625 0.693295
