1 0.516016 0.354861 0.100781 0.259722 0.406465
1 0.515625 0.356944 0.0984375 0.258333 0.462835
1 0.516797 0.355556 0.102344 0.258333 0.481244
1 0.516016 0.357639 0.0992187 0.251389 0.550804
1 0.516406 0.356944 0.0984375 0.247222 0.628056
1 0.516797 0.35625 0.0992187 0.248611 0.648979
1 0.516016 0.354861 0.100781 0.259722 0.406465
1 0.515625 0.356944 0.0984375 0.258333 0.462835
1 0.516797 0.355556 0.102344 0.258333 0.481244
1 0.516016 0.357639 0.0992187 0.251389 0.550804
1 0.516406 0.356944 0.0984375 0.247222 0.628056
1 0.516797 0.35625 0.0992187 0.248611 0.648979
