1 0.521094 0.357639 0.09375 0.251389 0.305931
1 0.521094 0.356944 0.09375 0.252778 0.378012
1 0.520703 0.356944 0.0914062 0.25 0.387651
1 0.521094 0.355556 0.0953125 0.261111 0.442857
1 0.521094 0.35625 0.09375 0.256944 0.491696
1 0.521484 0.355556 0.0960938 0.258333 0.507831
1 0.521094 0.357639 0.09375 0.251389 0.305931
1 0.521094 0.356944 0.09375 0.252778 0.378012
1 0.520703 0.356944 0.0914062 0.25 0.387651
1 0.521094 0.355556 0.0953125 0.261111 0.442857
1 0.521094 0.35625 0.09375 0.256944 0.491696
1 0.521484 0.355556 0.0960938 0.258333 0.507831
