21 0.516406 0.436806 0.0859375 0.379167 0.4444
21 0.516797 0.4375 0.0851562 0.375 0.472227
21 0.516406 0.436806 0.0875 0.376389 0.539207
1 0.516406 0.434722 0.0859375 0.388889 0.622897
1 0.516406 0.434028 0.0859375 0.384722 0.664814
1 0.516406 0.434722 0.084375 0.383333 0.680646
21 0.516406 0.436806 0.0859375 0.379167 0.4444
21 0.516797 0.4375 0.0851562 0.375 0.472227
21 0.516406 0.436806 0.0875 0.376389 0.539207
1 0.516406 0.434722 0.0859375 0.388889 0.622897
1 0.516406 0.434028 0.0859375 0.384722 0.664814
1 0.516406 0.434722 0.084375 0.383333 0.680646
