1 0.522656 0.454861 0.0828125 0.426389 0.260497
13 0.520703 0.452083 0.0820312 0.4375 0.490468
13 0.520703 0.452083 0.0820312 0.443056 0.557002
1 0.521094 0.452083 0.0796875 0.434722 0.591575
1 0.519922 0.448611 0.0804688 0.455556 0.671845
1 0.520312 0.449306 0.0796875 0.443056 0.702542
1 0.520312 0.449306 0.08125 0.445833 0.711493
1 0.522656 0.454861 0.0828125 0.426389 0.260497
13 0.520703 0.452083 0.0820312 0.4375 0.490468
13 0.520703 0.452083 0.0820312 0.443056 0.557002
1 0.521094 0.452083 0.0796875 0.434722 0.591575
1 0.519922 0.448611 0.0804688 0.455556 0.671845
1 0.520312 0.449306 0.0796875 0.443056 0.702542
1 0.520312 0.449306 0.08125 0.445833 0.711493
