13 0.515234 0.439583 0.0898438 0.390278 0.412307
1 0.515625 0.438889 0.0875 0.388889 0.428784
13 0.515234 0.438889 0.0898438 0.394444 0.491979
1 0.516016 0.434722 0.0882813 0.402778 0.746331
1 0.516016 0.435417 0.0867188 0.395833 0.75754
1 0.516016 0.434722 0.0882813 0.397222 0.766725
13 0.515234 0.439583 0.0898438 0.390278 0.412307
1 0.515625 0.438889 0.0875 0.388889 0.428784
13 0.515234 0.438889 0.0898438 0.394444 0.491979
1 0.516016 0.434722 0.0882813 0.402778 0.746331
1 0.516016 0.435417 0.0867188 0.395833 0.75754
1 0.516016 0.434722 0.0882813 0.397222 0.766725
