21 0.511719 0.409722 0.114063 0.280556 0.46701
21 0.512109 0.40625 0.111719 0.281944 0.556688
21 0.511328 0.409028 0.111719 0.279167 0.639183
21 0.511328 0.409028 0.110156 0.279167 0.648778
21 0.511719 0.408333 0.1125 0.280556 0.687863
21 0.512109 0.407639 0.111719 0.284722 0.694585
21 0.511719 0.408333 0.1125 0.280556 0.703795
21 0.512109 0.40625 0.113281 0.284722 0.70704
21 0.511328 0.408333 0.114844 0.280556 0.71597
21 0.511719 0.409722 0.114063 0.280556 0.46701
21 0.512109 0.40625 0.111719 0.281944 0.556688
21 0.511328 0.409028 0.111719 0.279167 0.639183
21 0.511328 0.409028 0.110156 0.279167 0.648778
21 0.511719 0.408333 0.1125 0.280556 0.687863
21 0.512109 0.407639 0.111719 0.284722 0.694585
21 0.511719 0.408333 0.1125 0.280556 0.703795
21 0.512109 0.40625 0.113281 0.284722 0.70704
21 0.511328 0.408333 0.114844 0.280556 0.71597
