21 0.514844 0.444444 0.107813 0.194444 0.442515
21 0.514453 0.44375 0.108594 0.193056 0.460092
21 0.516016 0.440972 0.103906 0.195833 0.621448
21 0.514844 0.443056 0.107813 0.191667 0.682854
21 0.515625 0.441667 0.103125 0.194444 0.735978
21 0.515625 0.441667 0.104687 0.194444 0.743057
21 0.514844 0.443056 0.104687 0.188889 0.802783
21 0.514844 0.442361 0.107813 0.1875 0.813784
21 0.514844 0.444444 0.107813 0.194444 0.442515
21 0.514453 0.44375 0.108594 0.193056 0.460092
21 0.516016 0.440972 0.103906 0.195833 0.621448
21 0.514844 0.443056 0.107813 0.191667 0.682854
21 0.515625 0.441667 0.103125 0.194444 0.735978
21 0.515625 0.441667 0.104687 0.194444 0.743057
21 0.514844 0.443056 0.104687 0.188889 0.802783
21 0.514844 0.442361 0.107813 0.1875 0.813784
