1 0.516406 0.415278 0.0828125 0.363889 0.266574
1 0.516406 0.415972 0.08125 0.3625 0.292736
1 0.517969 0.420139 0.0828125 0.365278 0.381977
1 0.518359 0.420139 0.0820312 0.368056 0.448194
1 0.518359 0.420139 0.0804688 0.3625 0.511905
1 0.519922 0.41875 0.0804688 0.376389 0.736006
1 0.519531 0.41875 0.0796875 0.368056 0.740871
1 0.519531 0.41875 0.08125 0.370833 0.747017
1 0.516406 0.415278 0.0828125 0.363889 0.266574
1 0.516406 0.415972 0.08125 0.3625 0.292736
1 0.517969 0.420139 0.0828125 0.365278 0.381977
1 0.518359 0.420139 0.0820312 0.368056 0.448194
1 0.518359 0.420139 0.0804688 0.3625 0.511905
1 0.519922 0.41875 0.0804688 0.376389 0.736006
1 0.519531 0.41875 0.0796875 0.368056 0.740871
1 0.519531 0.41875 0.08125 0.370833 0.747017
