18 0.526172 0.552083 0.166406 0.256944 0.335078
18 0.525 0.55625 0.170312 0.240278 0.358152
18 0.524609 0.55625 0.169531 0.245833 0.388421
18 0.526172 0.552083 0.166406 0.251389 0.393003
18 0.526563 0.552083 0.165625 0.254167 0.411113
18 0.524609 0.555556 0.167969 0.238889 0.416397
18 0.525 0.554861 0.16875 0.234722 0.471113
18 0.524219 0.55625 0.165625 0.240278 0.471622
18 0.524609 0.555556 0.164844 0.236111 0.51124
18 0.526172 0.552083 0.166406 0.256944 0.335078
18 0.525 0.55625 0.170312 0.240278 0.358152
18 0.524609 0.55625 0.169531 0.245833 0.388421
18 0.526172 0.552083 0.166406 0.251389 0.393003
18 0.526563 0.552083 0.165625 0.254167 0.411113
18 0.524609 0.555556 0.167969 0.238889 0.416397
18 0.525 0.554861 0.16875 0.234722 0.471113
18 0.524219 0.55625 0.165625 0.240278 0.471622
18 0.524609 0.555556 0.164844 0.236111 0.51124
