1 0.515234 0.391667 0.0945313 0.288889 0.318288
1 0.515234 0.391667 0.0929687 0.286111 0.373902
1 0.516406 0.386806 0.0921875 0.284722 0.4554
1 0.516797 0.386111 0.0960938 0.286111 0.464727
1 0.516797 0.388194 0.0929687 0.2875 0.588634
1 0.516406 0.388194 0.0921875 0.2875 0.599066
1 0.516406 0.388889 0.090625 0.283333 0.630691
1 0.515234 0.391667 0.0945313 0.288889 0.318288
1 0.515234 0.391667 0.0929687 0.286111 0.373902
1 0.516406 0.386806 0.0921875 0.284722 0.4554
1 0.516797 0.386111 0.0960938 0.286111 0.464727
1 0.516797 0.388194 0.0929687 0.2875 0.588634
1 0.516406 0.388194 0.0921875 0.2875 0.599066
1 0.516406 0.388889 0.090625 0.283333 0.630691
