18 0.526953 0.55 0.141406 0.236111 0.264785
18 0.526563 0.549306 0.140625 0.231944 0.487406
18 0.526563 0.55 0.135937 0.233333 0.505678
18 0.528125 0.545833 0.140625 0.261111 0.584309
18 0.528125 0.545833 0.139062 0.258333 0.613268
18 0.528125 0.545139 0.140625 0.259722 0.618614
18 0.527734 0.547917 0.141406 0.251389 0.660011
18 0.527344 0.546528 0.140625 0.248611 0.66847
18 0.527344 0.546528 0.1375 0.248611 0.67157
18 0.526953 0.55 0.141406 0.236111 0.264785
18 0.526563 0.549306 0.140625 0.231944 0.487406
18 0.526563 0.55 0.135937 0.233333 0.505678
18 0.528125 0.545833 0.140625 0.261111 0.584309
18 0.528125 0.545833 0.139062 0.258333 0.613268
18 0.528125 0.545139 0.140625 0.259722 0.618614
18 0.527734 0.547917 0.141406 0.251389 0.660011
18 0.527344 0.546528 0.140625 0.248611 0.66847
18 0.527344 0.546528 0.1375 0.248611 0.67157
