21 0.512109 0.409722 0.113281 0.252778 0.567063
21 0.511328 0.413194 0.114844 0.256944 0.597897
21 0.5125 0.411806 0.114063 0.259722 0.747414
21 0.5125 0.411111 0.114063 0.258333 0.755249
21 0.511719 0.411806 0.114063 0.259722 0.785299
21 0.511719 0.411806 0.115625 0.259722 0.788977
21 0.510938 0.413194 0.114063 0.256944 0.798101
21 0.511328 0.4125 0.113281 0.258333 0.804066
21 0.510938 0.4125 0.114063 0.258333 0.812033
21 0.512109 0.409722 0.113281 0.252778 0.567063
21 0.511328 0.413194 0.114844 0.256944 0.597897
21 0.5125 0.411806 0.114063 0.259722 0.747414
21 0.5125 0.411111 0.114063 0.258333 0.755249
21 0.511719 0.411806 0.114063 0.259722 0.785299
21 0.511719 0.411806 0.115625 0.259722 0.788977
21 0.510938 0.413194 0.114063 0.256944 0.798101
21 0.511328 0.4125 0.113281 0.258333 0.804066
21 0.510938 0.4125 0.114063 0.258333 0.812033
