21 0.516406 0.413889 0.10625 0.205556 0.27744
21 0.516406 0.413194 0.10625 0.204167 0.277558
21 0.523047 0.417361 0.102344 0.204167 0.345705
21 0.523438 0.416667 0.104687 0.202778 0.349337
21 0.51875 0.415278 0.10625 0.2 0.618029
21 0.51875 0.415278 0.103125 0.2 0.746362
21 0.51875 0.415278 0.104687 0.2 0.757951
21 0.51875 0.414583 0.10625 0.198611 0.765312
21 0.51875 0.415278 0.104687 0.2 0.780518
21 0.51875 0.415972 0.103125 0.201389 0.787583
21 0.516406 0.413889 0.10625 0.205556 0.27744
21 0.516406 0.413194 0.10625 0.204167 0.277558
21 0.523047 0.417361 0.102344 0.204167 0.345705
21 0.523438 0.416667 0.104687 0.202778 0.349337
21 0.51875 0.415278 0.10625 0.2 0.618029
21 0.51875 0.415278 0.103125 0.2 0.746362
21 0.51875 0.415278 0.104687 0.2 0.757951
21 0.51875 0.414583 0.10625 0.198611 0.765312
21 0.51875 0.415278 0.104687 0.2 0.780518
21 0.51875 0.415972 0.103125 0.201389 0.787583
