21 0.511719 0.409722 0.101562 0.294444 0.548282
21 0.512891 0.406944 0.102344 0.288889 0.583629
21 0.5125 0.409028 0.101562 0.293056 0.736347
21 0.512109 0.408333 0.102344 0.294444 0.742471
21 0.512891 0.407639 0.102344 0.293056 0.746328
21 0.512891 0.407639 0.102344 0.293056 0.746683
21 0.5125 0.407639 0.1 0.290278 0.820019
21 0.512109 0.408333 0.100781 0.291667 0.834205
21 0.5125 0.407639 0.101562 0.290278 0.838295
21 0.511719 0.409722 0.101562 0.294444 0.548282
21 0.512891 0.406944 0.102344 0.288889 0.583629
21 0.5125 0.409028 0.101562 0.293056 0.736347
21 0.512109 0.408333 0.102344 0.294444 0.742471
21 0.512891 0.407639 0.102344 0.293056 0.746328
21 0.512891 0.407639 0.102344 0.293056 0.746683
21 0.5125 0.407639 0.1 0.290278 0.820019
21 0.512109 0.408333 0.100781 0.291667 0.834205
21 0.5125 0.407639 0.101562 0.290278 0.838295
