18 0.600391 0.761806 0.242969 0.429167 0.318095
18 0.600781 0.761806 0.242188 0.4375 0.324792
18 0.600391 0.761111 0.242969 0.430556 0.339385
18 0.597266 0.754861 0.252344 0.454167 0.47871
18 0.597266 0.754861 0.255469 0.451389 0.50337
18 0.597656 0.754861 0.254687 0.459722 0.535676
18 0.600391 0.761806 0.242969 0.429167 0.318095
18 0.600781 0.761806 0.242188 0.4375 0.324792
18 0.600391 0.761111 0.242969 0.430556 0.339385
18 0.597266 0.754861 0.252344 0.454167 0.47871
18 0.597266 0.754861 0.255469 0.451389 0.50337
18 0.597656 0.754861 0.254687 0.459722 0.535676
