18 0.530078 0.547222 0.138281 0.238889 0.301634
18 0.530078 0.547917 0.135156 0.2375 0.324843
18 0.531641 0.541667 0.139844 0.261111 0.579187
18 0.531641 0.540278 0.139844 0.258333 0.587878
18 0.532031 0.542361 0.140625 0.259722 0.589921
18 0.532031 0.540972 0.1375 0.256944 0.600776
18 0.531641 0.540972 0.139844 0.256944 0.605155
18 0.531641 0.541667 0.136719 0.258333 0.616376
18 0.530078 0.547222 0.138281 0.238889 0.301634
18 0.530078 0.547917 0.135156 0.2375 0.324843
18 0.531641 0.541667 0.139844 0.261111 0.579187
18 0.531641 0.540278 0.139844 0.258333 0.587878
18 0.532031 0.542361 0.140625 0.259722 0.589921
18 0.532031 0.540972 0.1375 0.256944 0.600776
18 0.531641 0.540972 0.139844 0.256944 0.605155
18 0.531641 0.541667 0.136719 0.258333 0.616376
