21 0.516406 0.444444 0.103125 0.191667 0.491044
21 0.514844 0.449306 0.10625 0.1875 0.491408
21 0.514844 0.447917 0.10625 0.1875 0.514976
21 0.515234 0.446528 0.107031 0.1875 0.601099
21 0.516016 0.445139 0.102344 0.1875 0.690409
21 0.516406 0.445833 0.104687 0.186111 0.706661
21 0.515625 0.446528 0.104687 0.181944 0.787599
21 0.515625 0.444444 0.107813 0.180556 0.807416
21 0.516406 0.444444 0.103125 0.191667 0.491044
21 0.514844 0.449306 0.10625 0.1875 0.491408
21 0.514844 0.447917 0.10625 0.1875 0.514976
21 0.515234 0.446528 0.107031 0.1875 0.601099
21 0.516016 0.445139 0.102344 0.1875 0.690409
21 0.516406 0.445833 0.104687 0.186111 0.706661
21 0.515625 0.446528 0.104687 0.181944 0.787599
21 0.515625 0.444444 0.107813 0.180556 0.807416
