18 0.524609 0.556944 0.174219 0.244444 0.264587
18 0.524609 0.55625 0.172656 0.2375 0.274016
18 0.526563 0.552778 0.170312 0.255556 0.291715
18 0.525391 0.556944 0.174219 0.241667 0.302387
18 0.524219 0.557639 0.170312 0.240278 0.342771
18 0.526172 0.552778 0.169531 0.252778 0.352444
18 0.526563 0.553472 0.16875 0.254167 0.382681
18 0.525391 0.556944 0.172656 0.236111 0.388396
18 0.524609 0.557639 0.169531 0.2375 0.437719
18 0.524609 0.556944 0.174219 0.244444 0.264587
18 0.524609 0.55625 0.172656 0.2375 0.274016
18 0.526563 0.552778 0.170312 0.255556 0.291715
18 0.525391 0.556944 0.174219 0.241667 0.302387
18 0.524219 0.557639 0.170312 0.240278 0.342771
18 0.526172 0.552778 0.169531 0.252778 0.352444
18 0.526563 0.553472 0.16875 0.254167 0.382681
18 0.525391 0.556944 0.172656 0.236111 0.388396
18 0.524609 0.557639 0.169531 0.2375 0.437719
