21 0.510547 0.442361 0.0976562 0.3875 0.388078
21 0.510938 0.442361 0.09375 0.3875 0.391077
1 0.5125 0.436806 0.0890625 0.390278 0.469367
1 0.512109 0.436806 0.0898438 0.3875 0.529715
1 0.512109 0.4375 0.0882813 0.386111 0.552901
21 0.512109 0.439583 0.0914062 0.384722 0.601499
21 0.5125 0.439583 0.0890625 0.379167 0.63049
21 0.512109 0.440278 0.0914062 0.380556 0.674678
21 0.510547 0.442361 0.0976562 0.3875 0.388078
21 0.510938 0.442361 0.09375 0.3875 0.391077
1 0.5125 0.436806 0.0890625 0.390278 0.469367
1 0.512109 0.436806 0.0898438 0.3875 0.529715
1 0.512109 0.4375 0.0882813 0.386111 0.552901
21 0.512109 0.439583 0.0914062 0.384722 0.601499
21 0.5125 0.439583 0.0890625 0.379167 0.63049
21 0.512109 0.440278 0.0914062 0.380556 0.674678
