1 0.522656 0.388889 0.090625 0.308333 0.324088
1 0.520312 0.384722 0.0953125 0.311111 0.331712
1 0.522266 0.389583 0.0898438 0.306944 0.343512
1 0.519531 0.385417 0.0921875 0.306944 0.535536
1 0.520703 0.384722 0.0976562 0.308333 0.538805
1 0.519141 0.386111 0.0914062 0.302778 0.691656
1 0.519531 0.386111 0.0921875 0.308333 0.694874
1 0.519531 0.385417 0.0921875 0.306944 0.700905
1 0.522656 0.388889 0.090625 0.308333 0.324088
1 0.520312 0.384722 0.0953125 0.311111 0.331712
1 0.522266 0.389583 0.0898438 0.306944 0.343512
1 0.519531 0.385417 0.0921875 0.306944 0.535536
1 0.520703 0.384722 0.0976562 0.308333 0.538805
1 0.519141 0.386111 0.0914062 0.302778 0.691656
1 0.519531 0.386111 0.0921875 0.308333 0.694874
1 0.519531 0.385417 0.0921875 0.306944 0.700905
