18 0.526172 0.554861 0.160156 0.229167 0.431815
18 0.526172 0.552778 0.158594 0.25 0.462871
18 0.526172 0.552083 0.158594 0.245833 0.538429
18 0.526172 0.55625 0.160156 0.2375 0.547721
18 0.526172 0.552778 0.157031 0.247222 0.55224
18 0.526172 0.554861 0.158594 0.226389 0.567568
18 0.526172 0.55625 0.158594 0.231944 0.573843
18 0.525781 0.555556 0.154687 0.227778 0.606385
18 0.525391 0.55625 0.155469 0.234722 0.625594
18 0.526172 0.554861 0.160156 0.229167 0.431815
18 0.526172 0.552778 0.158594 0.25 0.462871
18 0.526172 0.552083 0.158594 0.245833 0.538429
18 0.526172 0.55625 0.160156 0.2375 0.547721
18 0.526172 0.552778 0.157031 0.247222 0.55224
18 0.526172 0.554861 0.158594 0.226389 0.567568
18 0.526172 0.55625 0.158594 0.231944 0.573843
18 0.525781 0.555556 0.154687 0.227778 0.606385
18 0.525391 0.55625 0.155469 0.234722 0.625594
