21 0.519922 0.404861 0.108594 0.226389 0.251738
21 0.523047 0.402778 0.107031 0.227778 0.401148
21 0.523047 0.404167 0.103906 0.227778 0.41543
21 0.519922 0.404167 0.108594 0.230556 0.489137
21 0.519922 0.403472 0.108594 0.229167 0.519748
21 0.519531 0.4 0.10625 0.225 0.744296
21 0.519141 0.4 0.107031 0.225 0.760853
21 0.519141 0.400694 0.105469 0.223611 0.762331
21 0.519922 0.404861 0.108594 0.226389 0.251738
21 0.523047 0.402778 0.107031 0.227778 0.401148
21 0.523047 0.404167 0.103906 0.227778 0.41543
21 0.519922 0.404167 0.108594 0.230556 0.489137
21 0.519922 0.403472 0.108594 0.229167 0.519748
21 0.519531 0.4 0.10625 0.225 0.744296
21 0.519141 0.4 0.107031 0.225 0.760853
21 0.519141 0.400694 0.105469 0.223611 0.762331
