21 0.514063 0.447222 0.107813 0.186111 0.400898
21 0.514063 0.445833 0.109375 0.183333 0.401335
21 0.516016 0.441667 0.107031 0.191667 0.414953
21 0.514844 0.445139 0.1125 0.1875 0.488918
21 0.515625 0.44375 0.107813 0.1875 0.626614
21 0.515625 0.44375 0.10625 0.1875 0.628802
21 0.514844 0.445139 0.109375 0.181944 0.72563
21 0.514844 0.44375 0.1125 0.179167 0.73688
21 0.514063 0.447222 0.107813 0.186111 0.400898
21 0.514063 0.445833 0.109375 0.183333 0.401335
21 0.516016 0.441667 0.107031 0.191667 0.414953
21 0.514844 0.445139 0.1125 0.1875 0.488918
21 0.515625 0.44375 0.107813 0.1875 0.626614
21 0.515625 0.44375 0.10625 0.1875 0.628802
21 0.514844 0.445139 0.109375 0.181944 0.72563
21 0.514844 0.44375 0.1125 0.179167 0.73688
