18 0.492969 0.409722 0.125 0.286111 0.439772
18 0.492969 0.410417 0.121875 0.284722 0.4606
18 0.492969 0.406944 0.126563 0.283333 0.560623
18 0.492969 0.406944 0.126563 0.277778 0.601246
18 0.49375 0.410417 0.126563 0.279167 0.638428
18 0.492969 0.409028 0.126563 0.281944 0.645819
18 0.492969 0.406944 0.125 0.277778 0.67369
18 0.49375 0.410417 0.125 0.281944 0.681744
18 0.492969 0.409722 0.125 0.286111 0.439772
18 0.492969 0.410417 0.121875 0.284722 0.4606
18 0.492969 0.406944 0.126563 0.283333 0.560623
18 0.492969 0.406944 0.126563 0.277778 0.601246
18 0.49375 0.410417 0.126563 0.279167 0.638428
18 0.492969 0.409028 0.126563 0.281944 0.645819
18 0.492969 0.406944 0.125 0.277778 0.67369
18 0.49375 0.410417 0.125 0.281944 0.681744
