21 0.518359 0.436806 0.0835937 0.379167 0.334513
13 0.518359 0.436111 0.0851562 0.383333 0.351993
21 0.517969 0.436806 0.0859375 0.379167 0.418057
1 0.518359 0.434028 0.0835937 0.393056 0.730326
1 0.51875 0.434028 0.0828125 0.3875 0.756188
1 0.51875 0.434028 0.084375 0.390278 0.760075
21 0.518359 0.436806 0.0835937 0.379167 0.334513
13 0.518359 0.436111 0.0851562 0.383333 0.351993
21 0.517969 0.436806 0.0859375 0.379167 0.418057
1 0.518359 0.434028 0.0835937 0.393056 0.730326
1 0.51875 0.434028 0.0828125 0.3875 0.756188
1 0.51875 0.434028 0.084375 0.390278 0.760075
