18 0.525781 0.553472 0.148438 0.2375 0.323892
18 0.527344 0.546528 0.145313 0.265278 0.466089
18 0.525781 0.552778 0.146875 0.230556 0.48093
18 0.527344 0.546528 0.14375 0.2625 0.506671
18 0.525 0.552778 0.142188 0.233333 0.510297
18 0.526953 0.545833 0.144531 0.263889 0.510646
18 0.526563 0.551389 0.146875 0.25 0.562022
18 0.526172 0.55 0.146094 0.244444 0.571815
18 0.526172 0.550694 0.142969 0.245833 0.600678
18 0.525781 0.553472 0.148438 0.2375 0.323892
18 0.527344 0.546528 0.145313 0.265278 0.466089
18 0.525781 0.552778 0.146875 0.230556 0.48093
18 0.527344 0.546528 0.14375 0.2625 0.506671
18 0.525 0.552778 0.142188 0.233333 0.510297
18 0.526953 0.545833 0.144531 0.263889 0.510646
18 0.526563 0.551389 0.146875 0.25 0.562022
18 0.526172 0.55 0.146094 0.244444 0.571815
18 0.526172 0.550694 0.142969 0.245833 0.600678
