21 0.5125 0.447917 0.10625 0.195833 0.399198
21 0.512109 0.45 0.107031 0.191667 0.566833
21 0.512109 0.448611 0.108594 0.188889 0.580212
21 0.511328 0.45 0.110156 0.197222 0.611111
21 0.512109 0.449306 0.105469 0.193056 0.623014
21 0.512109 0.449306 0.107031 0.193056 0.631523
21 0.510938 0.45 0.107813 0.191667 0.738065
21 0.511328 0.449306 0.110156 0.190278 0.74939
21 0.5125 0.447917 0.10625 0.195833 0.399198
21 0.512109 0.45 0.107031 0.191667 0.566833
21 0.512109 0.448611 0.108594 0.188889 0.580212
21 0.511328 0.45 0.110156 0.197222 0.611111
21 0.512109 0.449306 0.105469 0.193056 0.623014
21 0.512109 0.449306 0.107031 0.193056 0.631523
21 0.510938 0.45 0.107813 0.191667 0.738065
21 0.511328 0.449306 0.110156 0.190278 0.74939
