18 0.526172 0.552083 0.161719 0.251389 0.392094
18 0.524609 0.554861 0.164844 0.234722 0.392128
18 0.525781 0.552083 0.160938 0.248611 0.457665
18 0.526172 0.552778 0.160156 0.25 0.479773
18 0.524219 0.555556 0.164062 0.241667 0.480988
18 0.524219 0.554861 0.1625 0.234722 0.510174
18 0.524609 0.554167 0.163281 0.230556 0.519386
18 0.524219 0.554861 0.159375 0.231944 0.55705
18 0.524219 0.555556 0.159375 0.238889 0.563043
18 0.526172 0.552083 0.161719 0.251389 0.392094
18 0.524609 0.554861 0.164844 0.234722 0.392128
18 0.525781 0.552083 0.160938 0.248611 0.457665
18 0.526172 0.552778 0.160156 0.25 0.479773
18 0.524219 0.555556 0.164062 0.241667 0.480988
18 0.524219 0.554861 0.1625 0.234722 0.510174
18 0.524609 0.554167 0.163281 0.230556 0.519386
18 0.524219 0.554861 0.159375 0.231944 0.55705
18 0.524219 0.555556 0.159375 0.238889 0.563043
