13 0.514063 0.447917 0.0921875 0.406944 0.251383
1 0.516406 0.445833 0.0859375 0.402778 0.443226
13 0.516016 0.445833 0.0882813 0.402778 0.462303
13 0.516016 0.445833 0.0867188 0.408333 0.541987
1 0.516016 0.443056 0.0851562 0.416667 0.695028
1 0.516406 0.44375 0.084375 0.409722 0.739603
1 0.516406 0.443056 0.0859375 0.411111 0.744116
13 0.514063 0.447917 0.0921875 0.406944 0.251383
1 0.516406 0.445833 0.0859375 0.402778 0.443226
13 0.516016 0.445833 0.0882813 0.402778 0.462303
13 0.516016 0.445833 0.0867188 0.408333 0.541987
1 0.516016 0.443056 0.0851562 0.416667 0.695028
1 0.516406 0.44375 0.084375 0.409722 0.739603
1 0.516406 0.443056 0.0859375 0.411111 0.744116
