1 0.520312 0.386111 0.0953125 0.316667 0.283113
1 0.519531 0.3875 0.0921875 0.311111 0.473618
1 0.520312 0.386806 0.0984375 0.3125 0.487143
1 0.519531 0.386806 0.0921875 0.3125 0.49755
1 0.519141 0.388194 0.0914062 0.3125 0.512321
1 0.519141 0.388194 0.0914062 0.306944 0.557981
1 0.520312 0.386111 0.0953125 0.316667 0.283113
1 0.519531 0.3875 0.0921875 0.311111 0.473618
1 0.520312 0.386806 0.0984375 0.3125 0.487143
1 0.519531 0.386806 0.0921875 0.3125 0.49755
1 0.519141 0.388194 0.0914062 0.3125 0.512321
1 0.519141 0.388194 0.0914062 0.306944 0.557981
