66 0.407813 0.521528 0.179688 0.329167 0.334967
66 0.407813 0.522222 0.179688 0.327778 0.475578
66 0.407813 0.522222 0.179688 0.327778 0.496547
66 0.410156 0.527083 0.184375 0.323611 0.598945
66 0.409766 0.527083 0.182031 0.323611 0.669789
66 0.410156 0.527778 0.184375 0.325 0.717365
66 0.408594 0.527778 0.18125 0.330556 0.786277
66 0.408203 0.527778 0.180469 0.327778 0.794481
66 0.408203 0.527778 0.180469 0.327778 0.810181
66 0.407813 0.521528 0.179688 0.329167 0.334967
66 0.407813 0.522222 0.179688 0.327778 0.475578
66 0.407813 0.522222 0.179688 0.327778 0.496547
66 0.410156 0.527083 0.184375 0.323611 0.598945
66 0.409766 0.527083 0.182031 0.323611 0.669789
66 0.410156 0.527778 0.184375 0.325 0.717365
66 0.408594 0.527778 0.18125 0.330556 0.786277
66 0.408203 0.527778 0.180469 0.327778 0.794481
66 0.408203 0.527778 0.180469 0.327778 0.810181
66 0.407813 0.521528 0.179688 0.329167 0.334967
66 0.407813 0.522222 0.179688 0.327778 0.475578
66 0.407813 0.522222 0.179688 0.327778 0.496547
66 0.410156 0.527083 0.184375 0.323611 0.598945
66 0.409766 0.527083 0.182031 0.323611 0.669789
66 0.410156 0.527778 0.184375 0.325 0.717365
66 0.408594 0.527778 0.18125 0.330556 0.786277
66 0.408203 0.527778 0.180469 0.327778 0.794481
66 0.408203 0.527778 0.180469 0.327778 0.810181
