66 0.398828 0.547222 0.183594 0.338889 0.308185
66 0.398828 0.547222 0.185156 0.338889 0.32059
66 0.4 0.551389 0.189063 0.341667 0.347043
66 0.399609 0.549306 0.186719 0.331944 0.483388
66 0.399609 0.549306 0.186719 0.334722 0.488259
66 0.399609 0.548611 0.182031 0.344444 0.644412
66 0.4 0.548611 0.182812 0.347222 0.653388
66 0.399609 0.547917 0.182031 0.345833 0.666978
66 0.398828 0.547222 0.183594 0.338889 0.308185
66 0.398828 0.547222 0.185156 0.338889 0.32059
66 0.4 0.551389 0.189063 0.341667 0.347043
66 0.399609 0.549306 0.186719 0.331944 0.483388
66 0.399609 0.549306 0.186719 0.334722 0.488259
66 0.399609 0.548611 0.182031 0.344444 0.644412
66 0.4 0.548611 0.182812 0.347222 0.653388
66 0.399609 0.547917 0.182031 0.345833 0.666978
66 0.398828 0.547222 0.183594 0.338889 0.308185
66 0.398828 0.547222 0.185156 0.338889 0.32059
66 0.4 0.551389 0.189063 0.341667 0.347043
66 0.399609 0.549306 0.186719 0.331944 0.483388
66 0.399609 0.549306 0.186719 0.334722 0.488259
66 0.399609 0.548611 0.182031 0.344444 0.644412
66 0.4 0.548611 0.182812 0.347222 0.653388
66 0.399609 0.547917 0.182031 0.345833 0.666978
