21 0.417188 0.496528 0.189063 0.418056 0.329511
21 0.417188 0.507639 0.184375 0.4125 0.342827
21 0.417188 0.507639 0.190625 0.409722 0.350737
21 0.417188 0.497222 0.184375 0.408333 0.420702
21 0.416797 0.497222 0.191406 0.408333 0.443166
21 0.416016 0.497222 0.183594 0.413889 0.712331
21 0.416016 0.502083 0.185156 0.418056 0.723117
21 0.416016 0.497917 0.182031 0.409722 0.749439
21 0.416016 0.501389 0.182031 0.413889 0.755357
21 0.415625 0.497222 0.185937 0.408333 0.759291
21 0.415625 0.501389 0.185937 0.408333 0.766
21 0.417188 0.496528 0.189063 0.418056 0.329511
21 0.417188 0.507639 0.184375 0.4125 0.342827
21 0.417188 0.507639 0.190625 0.409722 0.350737
21 0.417188 0.497222 0.184375 0.408333 0.420702
21 0.416797 0.497222 0.191406 0.408333 0.443166
21 0.416016 0.497222 0.183594 0.413889 0.712331
21 0.416016 0.502083 0.185156 0.418056 0.723117
21 0.416016 0.497917 0.182031 0.409722 0.749439
21 0.416016 0.501389 0.182031 0.413889 0.755357
21 0.415625 0.497222 0.185937 0.408333 0.759291
21 0.415625 0.501389 0.185937 0.408333 0.766
21 0.417188 0.496528 0.189063 0.418056 0.329511
21 0.417188 0.507639 0.184375 0.4125 0.342827
21 0.417188 0.507639 0.190625 0.409722 0.350737
21 0.417188 0.497222 0.184375 0.408333 0.420702
21 0.416797 0.497222 0.191406 0.408333 0.443166
21 0.416016 0.497222 0.183594 0.413889 0.712331
21 0.416016 0.502083 0.185156 0.418056 0.723117
21 0.416016 0.497917 0.182031 0.409722 0.749439
21 0.416016 0.501389 0.182031 0.413889 0.755357
21 0.415625 0.497222 0.185937 0.408333 0.759291
21 0.415625 0.501389 0.185937 0.408333 0.766
