16 0.0886719 0.143056 0.177344 0.286111 0.265877
15 0.860937 0.336806 0.271875 0.673611 0.282664
16 0.0886719 0.141667 0.177344 0.283333 0.296604
16 0.0878906 0.143056 0.175781 0.286111 0.305782
15 0.859375 0.340972 0.275 0.681944 0.35642
15 0.859375 0.342361 0.278125 0.684722 0.369025
15 0.858984 0.342361 0.277344 0.684722 0.386068
16 0.0886719 0.143056 0.177344 0.286111 0.265877
15 0.860937 0.336806 0.271875 0.673611 0.282664
16 0.0886719 0.141667 0.177344 0.283333 0.296604
16 0.0878906 0.143056 0.175781 0.286111 0.305782
15 0.859375 0.340972 0.275 0.681944 0.35642
15 0.859375 0.342361 0.278125 0.684722 0.369025
15 0.858984 0.342361 0.277344 0.684722 0.386068
16 0.0886719 0.143056 0.177344 0.286111 0.265877
15 0.860937 0.336806 0.271875 0.673611 0.282664
16 0.0886719 0.141667 0.177344 0.283333 0.296604
16 0.0878906 0.143056 0.175781 0.286111 0.305782
15 0.859375 0.340972 0.275 0.681944 0.35642
15 0.859375 0.342361 0.278125 0.684722 0.369025
15 0.858984 0.342361 0.277344 0.684722 0.386068
