21 0.416406 0.505556 0.182812 0.388889 0.286002
21 0.416797 0.504861 0.188281 0.3875 0.292099
21 0.416016 0.495833 0.186719 0.391667 0.398393
21 0.416016 0.495833 0.182031 0.383333 0.498848
21 0.416016 0.495139 0.189844 0.384722 0.516035
21 0.416016 0.498611 0.183594 0.391667 0.721214
21 0.415625 0.495139 0.18125 0.3875 0.738923
21 0.415625 0.498611 0.179688 0.386111 0.757211
21 0.415625 0.497917 0.184375 0.381944 0.766517
21 0.415625 0.495833 0.179688 0.386111 0.779027
21 0.415234 0.495139 0.183594 0.384722 0.782119
21 0.416406 0.505556 0.182812 0.388889 0.286002
21 0.416797 0.504861 0.188281 0.3875 0.292099
21 0.416016 0.495833 0.186719 0.391667 0.398393
21 0.416016 0.495833 0.182031 0.383333 0.498848
21 0.416016 0.495139 0.189844 0.384722 0.516035
21 0.416016 0.498611 0.183594 0.391667 0.721214
21 0.415625 0.495139 0.18125 0.3875 0.738923
21 0.415625 0.498611 0.179688 0.386111 0.757211
21 0.415625 0.497917 0.184375 0.381944 0.766517
21 0.415625 0.495833 0.179688 0.386111 0.779027
21 0.415234 0.495139 0.183594 0.384722 0.782119
21 0.416406 0.505556 0.182812 0.388889 0.286002
21 0.416797 0.504861 0.188281 0.3875 0.292099
21 0.416016 0.495833 0.186719 0.391667 0.398393
21 0.416016 0.495833 0.182031 0.383333 0.498848
21 0.416016 0.495139 0.189844 0.384722 0.516035
21 0.416016 0.498611 0.183594 0.391667 0.721214
21 0.415625 0.495139 0.18125 0.3875 0.738923
21 0.415625 0.498611 0.179688 0.386111 0.757211
21 0.415625 0.497917 0.184375 0.381944 0.766517
21 0.415625 0.495833 0.179688 0.386111 0.779027
21 0.415234 0.495139 0.183594 0.384722 0.782119
