66 0.414453 0.642361 0.255469 0.359722 0.326954
66 0.414062 0.641667 0.251563 0.352778 0.358976
66 0.414453 0.642361 0.257031 0.348611 0.38824
66 0.414453 0.655556 0.255469 0.341667 0.443935
66 0.413281 0.65625 0.253125 0.3375 0.470816
66 0.413672 0.65625 0.255469 0.334722 0.486686
66 0.414453 0.642361 0.255469 0.359722 0.326954
66 0.414062 0.641667 0.251563 0.352778 0.358976
66 0.414453 0.642361 0.257031 0.348611 0.38824
66 0.414453 0.655556 0.255469 0.341667 0.443935
66 0.413281 0.65625 0.253125 0.3375 0.470816
66 0.413672 0.65625 0.255469 0.334722 0.486686
66 0.414453 0.642361 0.255469 0.359722 0.326954
66 0.414062 0.641667 0.251563 0.352778 0.358976
66 0.414453 0.642361 0.257031 0.348611 0.38824
66 0.414453 0.655556 0.255469 0.341667 0.443935
66 0.413281 0.65625 0.253125 0.3375 0.470816
66 0.413672 0.65625 0.255469 0.334722 0.486686
