66 0.406641 0.547222 0.196094 0.330556 0.281029
66 0.407813 0.542361 0.190625 0.345833 0.488479
66 0.407422 0.541667 0.191406 0.341667 0.511419
18 0.409766 0.539583 0.191406 0.326389 0.54604
66 0.407422 0.541667 0.191406 0.344444 0.571946
18 0.409375 0.538889 0.19375 0.327778 0.593614
18 0.409766 0.538889 0.189844 0.325 0.610887
66 0.406641 0.547222 0.196094 0.330556 0.281029
66 0.407813 0.542361 0.190625 0.345833 0.488479
66 0.407422 0.541667 0.191406 0.341667 0.511419
18 0.409766 0.539583 0.191406 0.326389 0.54604
66 0.407422 0.541667 0.191406 0.344444 0.571946
18 0.409375 0.538889 0.19375 0.327778 0.593614
18 0.409766 0.538889 0.189844 0.325 0.610887
66 0.406641 0.547222 0.196094 0.330556 0.281029
66 0.407813 0.542361 0.190625 0.345833 0.488479
66 0.407422 0.541667 0.191406 0.341667 0.511419
18 0.409766 0.539583 0.191406 0.326389 0.54604
66 0.407422 0.541667 0.191406 0.344444 0.571946
18 0.409375 0.538889 0.19375 0.327778 0.593614
18 0.409766 0.538889 0.189844 0.325 0.610887
