18 0.452344 0.486806 0.225 0.315278 0.286754
18 0.452734 0.486806 0.222656 0.315278 0.290237
18 0.448047 0.492361 0.217969 0.323611 0.532911
18 0.449609 0.492361 0.214844 0.315278 0.588675
18 0.447266 0.490972 0.217969 0.320833 0.600224
18 0.449219 0.492361 0.215625 0.3125 0.602653
18 0.447266 0.491667 0.217969 0.319444 0.607936
18 0.448438 0.492361 0.215625 0.309722 0.61992
18 0.452344 0.486806 0.225 0.315278 0.286754
18 0.452734 0.486806 0.222656 0.315278 0.290237
18 0.448047 0.492361 0.217969 0.323611 0.532911
18 0.449609 0.492361 0.214844 0.315278 0.588675
18 0.447266 0.490972 0.217969 0.320833 0.600224
18 0.449219 0.492361 0.215625 0.3125 0.602653
18 0.447266 0.491667 0.217969 0.319444 0.607936
18 0.448438 0.492361 0.215625 0.309722 0.61992
18 0.452344 0.486806 0.225 0.315278 0.286754
18 0.452734 0.486806 0.222656 0.315278 0.290237
18 0.448047 0.492361 0.217969 0.323611 0.532911
18 0.449609 0.492361 0.214844 0.315278 0.588675
18 0.447266 0.490972 0.217969 0.320833 0.600224
18 0.449219 0.492361 0.215625 0.3125 0.602653
18 0.447266 0.491667 0.217969 0.319444 0.607936
18 0.448438 0.492361 0.215625 0.309722 0.61992
