18 0.446484 0.490972 0.207031 0.298611 0.413554
18 0.446875 0.490278 0.207813 0.3 0.419235
18 0.442969 0.497222 0.209375 0.305556 0.769751
18 0.441797 0.499306 0.203906 0.298611 0.806484
18 0.442187 0.495833 0.209375 0.3 0.818311
18 0.442187 0.495833 0.20625 0.302778 0.829042
18 0.441797 0.497222 0.205469 0.297222 0.839218
18 0.441406 0.497917 0.203125 0.298611 0.842202
18 0.446484 0.490972 0.207031 0.298611 0.413554
18 0.446875 0.490278 0.207813 0.3 0.419235
18 0.442969 0.497222 0.209375 0.305556 0.769751
18 0.441797 0.499306 0.203906 0.298611 0.806484
18 0.442187 0.495833 0.209375 0.3 0.818311
18 0.442187 0.495833 0.20625 0.302778 0.829042
18 0.441797 0.497222 0.205469 0.297222 0.839218
18 0.441406 0.497917 0.203125 0.298611 0.842202
18 0.446484 0.490972 0.207031 0.298611 0.413554
18 0.446875 0.490278 0.207813 0.3 0.419235
18 0.442969 0.497222 0.209375 0.305556 0.769751
18 0.441797 0.499306 0.203906 0.298611 0.806484
18 0.442187 0.495833 0.209375 0.3 0.818311
18 0.442187 0.495833 0.20625 0.302778 0.829042
18 0.441797 0.497222 0.205469 0.297222 0.839218
18 0.441406 0.497917 0.203125 0.298611 0.842202
