66 0.405078 0.547222 0.191406 0.325 0.261074
66 0.405078 0.547222 0.192969 0.325 0.300764
18 0.408594 0.539583 0.189063 0.323611 0.432749
66 0.405469 0.54375 0.1875 0.340278 0.471897
18 0.408594 0.539583 0.190625 0.326389 0.479424
66 0.405078 0.542361 0.186719 0.3375 0.4933
18 0.408594 0.540278 0.185937 0.322222 0.517557
66 0.405469 0.541667 0.1875 0.338889 0.56499
66 0.405078 0.547222 0.191406 0.325 0.261074
66 0.405078 0.547222 0.192969 0.325 0.300764
18 0.408594 0.539583 0.189063 0.323611 0.432749
66 0.405469 0.54375 0.1875 0.340278 0.471897
18 0.408594 0.539583 0.190625 0.326389 0.479424
66 0.405078 0.542361 0.186719 0.3375 0.4933
18 0.408594 0.540278 0.185937 0.322222 0.517557
66 0.405469 0.541667 0.1875 0.338889 0.56499
66 0.405078 0.547222 0.191406 0.325 0.261074
66 0.405078 0.547222 0.192969 0.325 0.300764
18 0.408594 0.539583 0.189063 0.323611 0.432749
66 0.405469 0.54375 0.1875 0.340278 0.471897
18 0.408594 0.539583 0.190625 0.326389 0.479424
66 0.405078 0.542361 0.186719 0.3375 0.4933
18 0.408594 0.540278 0.185937 0.322222 0.517557
66 0.405469 0.541667 0.1875 0.338889 0.56499
