21 0.386328 0.555556 0.155469 0.411111 0.465185
21 0.385547 0.556944 0.155469 0.405556 0.531
21 0.385938 0.556944 0.157813 0.405556 0.536747
21 0.3875 0.55625 0.160938 0.420833 0.575422
21 0.387109 0.55625 0.158594 0.406944 0.5815
21 0.3875 0.55625 0.1625 0.406944 0.609801
21 0.386328 0.555556 0.155469 0.411111 0.465185
21 0.385547 0.556944 0.155469 0.405556 0.531
21 0.385938 0.556944 0.157813 0.405556 0.536747
21 0.3875 0.55625 0.160938 0.420833 0.575422
21 0.387109 0.55625 0.158594 0.406944 0.5815
21 0.3875 0.55625 0.1625 0.406944 0.609801
21 0.386328 0.555556 0.155469 0.411111 0.465185
21 0.385547 0.556944 0.155469 0.405556 0.531
21 0.385938 0.556944 0.157813 0.405556 0.536747
21 0.3875 0.55625 0.160938 0.420833 0.575422
21 0.387109 0.55625 0.158594 0.406944 0.5815
21 0.3875 0.55625 0.1625 0.406944 0.609801
