21 0.417969 0.498611 0.184375 0.383333 0.438618
21 0.417969 0.497917 0.178125 0.381944 0.439289
21 0.417969 0.50625 0.176563 0.384722 0.472526
21 0.417969 0.505556 0.18125 0.383333 0.476302
21 0.416797 0.498611 0.177344 0.380556 0.740557
21 0.417969 0.502083 0.18125 0.3875 0.770074
21 0.416406 0.498611 0.179688 0.380556 0.79113
21 0.416797 0.498611 0.175781 0.380556 0.792307
21 0.417578 0.501389 0.178906 0.386111 0.795952
21 0.417188 0.501389 0.182812 0.383333 0.80532
21 0.417969 0.498611 0.184375 0.383333 0.438618
21 0.417969 0.497917 0.178125 0.381944 0.439289
21 0.417969 0.50625 0.176563 0.384722 0.472526
21 0.417969 0.505556 0.18125 0.383333 0.476302
21 0.416797 0.498611 0.177344 0.380556 0.740557
21 0.417969 0.502083 0.18125 0.3875 0.770074
21 0.416406 0.498611 0.179688 0.380556 0.79113
21 0.416797 0.498611 0.175781 0.380556 0.792307
21 0.417578 0.501389 0.178906 0.386111 0.795952
21 0.417188 0.501389 0.182812 0.383333 0.80532
21 0.417969 0.498611 0.184375 0.383333 0.438618
21 0.417969 0.497917 0.178125 0.381944 0.439289
21 0.417969 0.50625 0.176563 0.384722 0.472526
21 0.417969 0.505556 0.18125 0.383333 0.476302
21 0.416797 0.498611 0.177344 0.380556 0.740557
21 0.417969 0.502083 0.18125 0.3875 0.770074
21 0.416406 0.498611 0.179688 0.380556 0.79113
21 0.416797 0.498611 0.175781 0.380556 0.792307
21 0.417578 0.501389 0.178906 0.386111 0.795952
21 0.417188 0.501389 0.182812 0.383333 0.80532
