66 0.405469 0.552778 0.21875 0.352778 0.262888
66 0.404687 0.550694 0.215625 0.343056 0.384584
66 0.405469 0.55 0.215625 0.344444 0.385283
18 0.410156 0.540972 0.203125 0.343056 0.430678
18 0.410156 0.540972 0.204688 0.348611 0.492121
18 0.410156 0.541667 0.203125 0.344444 0.522539
66 0.407031 0.545833 0.207813 0.363889 0.561228
66 0.407031 0.545139 0.207813 0.3625 0.565709
66 0.407031 0.545139 0.207813 0.365278 0.574896
66 0.405469 0.552778 0.21875 0.352778 0.262888
66 0.404687 0.550694 0.215625 0.343056 0.384584
66 0.405469 0.55 0.215625 0.344444 0.385283
18 0.410156 0.540972 0.203125 0.343056 0.430678
18 0.410156 0.540972 0.204688 0.348611 0.492121
18 0.410156 0.541667 0.203125 0.344444 0.522539
66 0.407031 0.545833 0.207813 0.363889 0.561228
66 0.407031 0.545139 0.207813 0.3625 0.565709
66 0.407031 0.545139 0.207813 0.365278 0.574896
66 0.405469 0.552778 0.21875 0.352778 0.262888
66 0.404687 0.550694 0.215625 0.343056 0.384584
66 0.405469 0.55 0.215625 0.344444 0.385283
18 0.410156 0.540972 0.203125 0.343056 0.430678
18 0.410156 0.540972 0.204688 0.348611 0.492121
18 0.410156 0.541667 0.203125 0.344444 0.522539
66 0.407031 0.545833 0.207813 0.363889 0.561228
66 0.407031 0.545139 0.207813 0.3625 0.565709
66 0.407031 0.545139 0.207813 0.365278 0.574896
