66 0.408594 0.551389 0.225 0.361111 0.258718
66 0.407813 0.549306 0.223438 0.354167 0.347467
66 0.408203 0.55 0.222656 0.355556 0.378217
18 0.411719 0.540972 0.2125 0.356944 0.456586
18 0.411719 0.540278 0.214062 0.361111 0.524369
18 0.411328 0.540972 0.211719 0.356944 0.54513
66 0.410156 0.545139 0.214062 0.373611 0.590755
66 0.409766 0.545139 0.214844 0.373611 0.599272
66 0.410156 0.544444 0.214062 0.375 0.625384
66 0.408594 0.551389 0.225 0.361111 0.258718
66 0.407813 0.549306 0.223438 0.354167 0.347467
66 0.408203 0.55 0.222656 0.355556 0.378217
18 0.411719 0.540972 0.2125 0.356944 0.456586
18 0.411719 0.540278 0.214062 0.361111 0.524369
18 0.411328 0.540972 0.211719 0.356944 0.54513
66 0.410156 0.545139 0.214062 0.373611 0.590755
66 0.409766 0.545139 0.214844 0.373611 0.599272
66 0.410156 0.544444 0.214062 0.375 0.625384
66 0.408594 0.551389 0.225 0.361111 0.258718
66 0.407813 0.549306 0.223438 0.354167 0.347467
66 0.408203 0.55 0.222656 0.355556 0.378217
18 0.411719 0.540972 0.2125 0.356944 0.456586
18 0.411719 0.540278 0.214062 0.361111 0.524369
18 0.411328 0.540972 0.211719 0.356944 0.54513
66 0.410156 0.545139 0.214062 0.373611 0.590755
66 0.409766 0.545139 0.214844 0.373611 0.599272
66 0.410156 0.544444 0.214062 0.375 0.625384
