66 0.412109 0.545139 0.199219 0.331944 0.251661
18 0.413281 0.535417 0.196875 0.331944 0.552278
18 0.412891 0.534722 0.194531 0.333333 0.638938
18 0.413281 0.534722 0.196875 0.336111 0.643654
66 0.413281 0.536806 0.19375 0.343056 0.682446
66 0.4125 0.536806 0.19375 0.343056 0.703292
66 0.412891 0.536111 0.192969 0.344444 0.717901
66 0.412109 0.545139 0.199219 0.331944 0.251661
18 0.413281 0.535417 0.196875 0.331944 0.552278
18 0.412891 0.534722 0.194531 0.333333 0.638938
18 0.413281 0.534722 0.196875 0.336111 0.643654
66 0.413281 0.536806 0.19375 0.343056 0.682446
66 0.4125 0.536806 0.19375 0.343056 0.703292
66 0.412891 0.536111 0.192969 0.344444 0.717901
66 0.412109 0.545139 0.199219 0.331944 0.251661
18 0.413281 0.535417 0.196875 0.331944 0.552278
18 0.412891 0.534722 0.194531 0.333333 0.638938
18 0.413281 0.534722 0.196875 0.336111 0.643654
66 0.413281 0.536806 0.19375 0.343056 0.682446
66 0.4125 0.536806 0.19375 0.343056 0.703292
66 0.412891 0.536111 0.192969 0.344444 0.717901
