18 0.445703 0.547222 0.205469 0.333333 0.311118
18 0.445703 0.547917 0.203906 0.329167 0.331837
18 0.435937 0.549306 0.209375 0.304167 0.390325
18 0.436328 0.55 0.205469 0.302778 0.438481
18 0.440234 0.555556 0.214844 0.308333 0.565588
18 0.440234 0.554167 0.214844 0.308333 0.635951
18 0.439063 0.554167 0.210938 0.308333 0.673161
18 0.438281 0.554861 0.210938 0.323611 0.803581
18 0.438281 0.552083 0.2125 0.320833 0.813037
18 0.437891 0.552778 0.208594 0.322222 0.830509
18 0.445703 0.547222 0.205469 0.333333 0.311118
18 0.445703 0.547917 0.203906 0.329167 0.331837
18 0.435937 0.549306 0.209375 0.304167 0.390325
18 0.436328 0.55 0.205469 0.302778 0.438481
18 0.440234 0.555556 0.214844 0.308333 0.565588
18 0.440234 0.554167 0.214844 0.308333 0.635951
18 0.439063 0.554167 0.210938 0.308333 0.673161
18 0.438281 0.554861 0.210938 0.323611 0.803581
18 0.438281 0.552083 0.2125 0.320833 0.813037
18 0.437891 0.552778 0.208594 0.322222 0.830509
18 0.445703 0.547222 0.205469 0.333333 0.311118
18 0.445703 0.547917 0.203906 0.329167 0.331837
18 0.435937 0.549306 0.209375 0.304167 0.390325
18 0.436328 0.55 0.205469 0.302778 0.438481
18 0.440234 0.555556 0.214844 0.308333 0.565588
18 0.440234 0.554167 0.214844 0.308333 0.635951
18 0.439063 0.554167 0.210938 0.308333 0.673161
18 0.438281 0.554861 0.210938 0.323611 0.803581
18 0.438281 0.552083 0.2125 0.320833 0.813037
18 0.437891 0.552778 0.208594 0.322222 0.830509
