21 0.41875 0.509028 0.185937 0.420833 0.37767
21 0.420312 0.5125 0.190625 0.425 0.497986
21 0.418359 0.509722 0.185156 0.416667 0.505677
21 0.417969 0.509722 0.189063 0.416667 0.520795
21 0.421094 0.515278 0.19375 0.425 0.567235
21 0.419531 0.5125 0.1875 0.419444 0.591297
21 0.421484 0.514583 0.189844 0.418056 0.601442
21 0.419531 0.5125 0.192188 0.416667 0.618118
21 0.421094 0.514583 0.195312 0.415278 0.630548
21 0.41875 0.509028 0.185937 0.420833 0.37767
21 0.420312 0.5125 0.190625 0.425 0.497986
21 0.418359 0.509722 0.185156 0.416667 0.505677
21 0.417969 0.509722 0.189063 0.416667 0.520795
21 0.421094 0.515278 0.19375 0.425 0.567235
21 0.419531 0.5125 0.1875 0.419444 0.591297
21 0.421484 0.514583 0.189844 0.418056 0.601442
21 0.419531 0.5125 0.192188 0.416667 0.618118
21 0.421094 0.514583 0.195312 0.415278 0.630548
21 0.41875 0.509028 0.185937 0.420833 0.37767
21 0.420312 0.5125 0.190625 0.425 0.497986
21 0.418359 0.509722 0.185156 0.416667 0.505677
21 0.417969 0.509722 0.189063 0.416667 0.520795
21 0.421094 0.515278 0.19375 0.425 0.567235
21 0.419531 0.5125 0.1875 0.419444 0.591297
21 0.421484 0.514583 0.189844 0.418056 0.601442
21 0.419531 0.5125 0.192188 0.416667 0.618118
21 0.421094 0.514583 0.195312 0.415278 0.630548
