66 0.402734 0.554861 0.267969 0.3875 0.365081
66 0.395703 0.561111 0.282031 0.372222 0.389106
66 0.395703 0.564583 0.285156 0.379167 0.390297
66 0.402344 0.55625 0.26875 0.3875 0.418384
66 0.395312 0.561806 0.28125 0.373611 0.430047
66 0.401953 0.55625 0.269531 0.3875 0.434853
66 0.402734 0.554861 0.267969 0.3875 0.365081
66 0.395703 0.561111 0.282031 0.372222 0.389106
66 0.395703 0.564583 0.285156 0.379167 0.390297
66 0.402344 0.55625 0.26875 0.3875 0.418384
66 0.395312 0.561806 0.28125 0.373611 0.430047
66 0.401953 0.55625 0.269531 0.3875 0.434853
66 0.402734 0.554861 0.267969 0.3875 0.365081
66 0.395703 0.561111 0.282031 0.372222 0.389106
66 0.395703 0.564583 0.285156 0.379167 0.390297
66 0.402344 0.55625 0.26875 0.3875 0.418384
66 0.395312 0.561806 0.28125 0.373611 0.430047
66 0.401953 0.55625 0.269531 0.3875 0.434853
