18 0.448047 0.511806 0.207031 0.304167 0.253433
18 0.446875 0.491667 0.204688 0.288889 0.511491
18 0.446484 0.492361 0.203906 0.2875 0.532552
18 0.444531 0.501389 0.201562 0.294444 0.787333
18 0.445312 0.503472 0.209375 0.298611 0.790895
18 0.444141 0.5 0.202344 0.291667 0.824354
18 0.444922 0.501389 0.210156 0.294444 0.831854
18 0.444141 0.5 0.200781 0.294444 0.83831
18 0.444922 0.502083 0.207031 0.295833 0.849606
18 0.448047 0.511806 0.207031 0.304167 0.253433
18 0.446875 0.491667 0.204688 0.288889 0.511491
18 0.446484 0.492361 0.203906 0.2875 0.532552
18 0.444531 0.501389 0.201562 0.294444 0.787333
18 0.445312 0.503472 0.209375 0.298611 0.790895
18 0.444141 0.5 0.202344 0.291667 0.824354
18 0.444922 0.501389 0.210156 0.294444 0.831854
18 0.444141 0.5 0.200781 0.294444 0.83831
18 0.444922 0.502083 0.207031 0.295833 0.849606
18 0.448047 0.511806 0.207031 0.304167 0.253433
18 0.446875 0.491667 0.204688 0.288889 0.511491
18 0.446484 0.492361 0.203906 0.2875 0.532552
18 0.444531 0.501389 0.201562 0.294444 0.787333
18 0.445312 0.503472 0.209375 0.298611 0.790895
18 0.444141 0.5 0.202344 0.291667 0.824354
18 0.444922 0.501389 0.210156 0.294444 0.831854
18 0.444141 0.5 0.200781 0.294444 0.83831
18 0.444922 0.502083 0.207031 0.295833 0.849606
