18 0.447656 0.518056 0.209375 0.294444 0.388272
18 0.447266 0.51875 0.207031 0.293056 0.404728
18 0.442187 0.509028 0.203125 0.284722 0.740016
18 0.442187 0.506944 0.204688 0.283333 0.794071
18 0.442187 0.507639 0.204688 0.284722 0.80208
18 0.443359 0.511806 0.211719 0.2875 0.815445
18 0.442969 0.510417 0.2125 0.284722 0.835878
18 0.442969 0.511111 0.209375 0.286111 0.85139
18 0.447656 0.518056 0.209375 0.294444 0.388272
18 0.447266 0.51875 0.207031 0.293056 0.404728
18 0.442187 0.509028 0.203125 0.284722 0.740016
18 0.442187 0.506944 0.204688 0.283333 0.794071
18 0.442187 0.507639 0.204688 0.284722 0.80208
18 0.443359 0.511806 0.211719 0.2875 0.815445
18 0.442969 0.510417 0.2125 0.284722 0.835878
18 0.442969 0.511111 0.209375 0.286111 0.85139
18 0.447656 0.518056 0.209375 0.294444 0.388272
18 0.447266 0.51875 0.207031 0.293056 0.404728
18 0.442187 0.509028 0.203125 0.284722 0.740016
18 0.442187 0.506944 0.204688 0.283333 0.794071
18 0.442187 0.507639 0.204688 0.284722 0.80208
18 0.443359 0.511806 0.211719 0.2875 0.815445
18 0.442969 0.510417 0.2125 0.284722 0.835878
18 0.442969 0.511111 0.209375 0.286111 0.85139
