2 0.4 0.546528 0.290625 0.390278 0.266153
66 0.394141 0.559722 0.288281 0.377778 0.391272
66 0.394531 0.561806 0.289062 0.381944 0.395361
66 0.398047 0.558333 0.280469 0.4 0.418292
66 0.398438 0.559722 0.279687 0.4 0.444402
66 0.394531 0.560417 0.2875 0.379167 0.452116
66 0.398438 0.559028 0.279687 0.398611 0.488208
2 0.4 0.546528 0.290625 0.390278 0.266153
66 0.394141 0.559722 0.288281 0.377778 0.391272
66 0.394531 0.561806 0.289062 0.381944 0.395361
66 0.398047 0.558333 0.280469 0.4 0.418292
66 0.398438 0.559722 0.279687 0.4 0.444402
66 0.394531 0.560417 0.2875 0.379167 0.452116
66 0.398438 0.559028 0.279687 0.398611 0.488208
2 0.4 0.546528 0.290625 0.390278 0.266153
66 0.394141 0.559722 0.288281 0.377778 0.391272
66 0.394531 0.561806 0.289062 0.381944 0.395361
66 0.398047 0.558333 0.280469 0.4 0.418292
66 0.398438 0.559722 0.279687 0.4 0.444402
66 0.394531 0.560417 0.2875 0.379167 0.452116
66 0.398438 0.559028 0.279687 0.398611 0.488208
