21 0.424609 0.534722 0.208594 0.427778 0.567381
21 0.423828 0.534028 0.205469 0.420833 0.610879
21 0.422656 0.534028 0.209375 0.426389 0.644184
21 0.423828 0.534028 0.208594 0.420833 0.650689
21 0.423047 0.534028 0.205469 0.418056 0.65987
21 0.422656 0.534028 0.210938 0.418056 0.68932
21 0.424609 0.534722 0.208594 0.427778 0.567381
21 0.423828 0.534028 0.205469 0.420833 0.610879
21 0.422656 0.534028 0.209375 0.426389 0.644184
21 0.423828 0.534028 0.208594 0.420833 0.650689
21 0.423047 0.534028 0.205469 0.418056 0.65987
21 0.422656 0.534028 0.210938 0.418056 0.68932
21 0.424609 0.534722 0.208594 0.427778 0.567381
21 0.423828 0.534028 0.205469 0.420833 0.610879
21 0.422656 0.534028 0.209375 0.426389 0.644184
21 0.423828 0.534028 0.208594 0.420833 0.650689
21 0.423047 0.534028 0.205469 0.418056 0.65987
21 0.422656 0.534028 0.210938 0.418056 0.68932
