21 0.399219 0.552778 0.157813 0.347222 0.290755
21 0.403125 0.538889 0.1625 0.366667 0.446585
21 0.403516 0.539583 0.164844 0.373611 0.456865
21 0.403125 0.536806 0.165625 0.365278 0.508918
21 0.399219 0.552778 0.157813 0.347222 0.290755
21 0.403125 0.538889 0.1625 0.366667 0.446585
21 0.403516 0.539583 0.164844 0.373611 0.456865
21 0.403125 0.536806 0.165625 0.365278 0.508918
21 0.399219 0.552778 0.157813 0.347222 0.290755
21 0.403125 0.538889 0.1625 0.366667 0.446585
21 0.403516 0.539583 0.164844 0.373611 0.456865
21 0.403125 0.536806 0.165625 0.365278 0.508918
