23 0.371875 0.561111 0.16875 0.430556 0.266144
23 0.372266 0.561111 0.164844 0.430556 0.271562
23 0.370703 0.563194 0.166406 0.434722 0.336259
23 0.369922 0.5625 0.166406 0.419444 0.432283
23 0.370313 0.5625 0.1625 0.422222 0.460506
23 0.371875 0.561111 0.16875 0.430556 0.266144
23 0.372266 0.561111 0.164844 0.430556 0.271562
23 0.370703 0.563194 0.166406 0.434722 0.336259
23 0.369922 0.5625 0.166406 0.419444 0.432283
23 0.370313 0.5625 0.1625 0.422222 0.460506
23 0.371875 0.561111 0.16875 0.430556 0.266144
23 0.372266 0.561111 0.164844 0.430556 0.271562
23 0.370703 0.563194 0.166406 0.434722 0.336259
23 0.369922 0.5625 0.166406 0.419444 0.432283
23 0.370313 0.5625 0.1625 0.422222 0.460506
