18 0.45 0.490278 0.220313 0.316667 0.355418
18 0.45 0.489583 0.221875 0.315278 0.532631
18 0.449609 0.489583 0.219531 0.315278 0.534214
18 0.448047 0.493056 0.219531 0.322222 0.722456
18 0.447656 0.491667 0.21875 0.316667 0.781907
18 0.447656 0.491667 0.217187 0.319444 0.784312
18 0.448047 0.495139 0.214844 0.3125 0.803732
18 0.447656 0.494444 0.215625 0.311111 0.828965
18 0.447656 0.49375 0.215625 0.309722 0.830731
18 0.45 0.490278 0.220313 0.316667 0.355418
18 0.45 0.489583 0.221875 0.315278 0.532631
18 0.449609 0.489583 0.219531 0.315278 0.534214
18 0.448047 0.493056 0.219531 0.322222 0.722456
18 0.447656 0.491667 0.21875 0.316667 0.781907
18 0.447656 0.491667 0.217187 0.319444 0.784312
18 0.448047 0.495139 0.214844 0.3125 0.803732
18 0.447656 0.494444 0.215625 0.311111 0.828965
18 0.447656 0.49375 0.215625 0.309722 0.830731
18 0.45 0.490278 0.220313 0.316667 0.355418
18 0.45 0.489583 0.221875 0.315278 0.532631
18 0.449609 0.489583 0.219531 0.315278 0.534214
18 0.448047 0.493056 0.219531 0.322222 0.722456
18 0.447656 0.491667 0.21875 0.316667 0.781907
18 0.447656 0.491667 0.217187 0.319444 0.784312
18 0.448047 0.495139 0.214844 0.3125 0.803732
18 0.447656 0.494444 0.215625 0.311111 0.828965
18 0.447656 0.49375 0.215625 0.309722 0.830731
