21 0.401953 0.485417 0.105469 0.256944 0.426217
21 0.402344 0.490972 0.104687 0.268056 0.503522
21 0.401953 0.484722 0.105469 0.255556 0.543234
21 0.401953 0.484722 0.107031 0.255556 0.563701
21 0.402344 0.490278 0.10625 0.266667 0.5931
21 0.402344 0.490278 0.10625 0.266667 0.596788
21 0.401953 0.485417 0.105469 0.256944 0.426217
21 0.402344 0.490972 0.104687 0.268056 0.503522
21 0.401953 0.484722 0.105469 0.255556 0.543234
21 0.401953 0.484722 0.107031 0.255556 0.563701
21 0.402344 0.490278 0.10625 0.266667 0.5931
21 0.402344 0.490278 0.10625 0.266667 0.596788
21 0.401953 0.485417 0.105469 0.256944 0.426217
21 0.402344 0.490972 0.104687 0.268056 0.503522
21 0.401953 0.484722 0.105469 0.255556 0.543234
21 0.401953 0.484722 0.107031 0.255556 0.563701
21 0.402344 0.490278 0.10625 0.266667 0.5931
21 0.402344 0.490278 0.10625 0.266667 0.596788
