21 0.408984 0.526389 0.150781 0.358333 0.256006
21 0.404687 0.548611 0.145313 0.341667 0.345433
21 0.404687 0.548611 0.14375 0.338889 0.459606
21 0.409375 0.536111 0.15625 0.358333 0.465206
21 0.404297 0.547917 0.146094 0.3375 0.47017
21 0.409375 0.536111 0.157813 0.358333 0.482529
21 0.407031 0.541667 0.146875 0.341667 0.769539
21 0.406641 0.540972 0.147656 0.343056 0.770136
21 0.407031 0.539583 0.148438 0.340278 0.776593
21 0.408984 0.526389 0.150781 0.358333 0.256006
21 0.404687 0.548611 0.145313 0.341667 0.345433
21 0.404687 0.548611 0.14375 0.338889 0.459606
21 0.409375 0.536111 0.15625 0.358333 0.465206
21 0.404297 0.547917 0.146094 0.3375 0.47017
21 0.409375 0.536111 0.157813 0.358333 0.482529
21 0.407031 0.541667 0.146875 0.341667 0.769539
21 0.406641 0.540972 0.147656 0.343056 0.770136
21 0.407031 0.539583 0.148438 0.340278 0.776593
21 0.408984 0.526389 0.150781 0.358333 0.256006
21 0.404687 0.548611 0.145313 0.341667 0.345433
21 0.404687 0.548611 0.14375 0.338889 0.459606
21 0.409375 0.536111 0.15625 0.358333 0.465206
21 0.404297 0.547917 0.146094 0.3375 0.47017
21 0.409375 0.536111 0.157813 0.358333 0.482529
21 0.407031 0.541667 0.146875 0.341667 0.769539
21 0.406641 0.540972 0.147656 0.343056 0.770136
21 0.407031 0.539583 0.148438 0.340278 0.776593
