66 0.412109 0.522917 0.186719 0.323611 0.298966
66 0.412109 0.522917 0.188281 0.323611 0.305499
18 0.412891 0.53125 0.191406 0.318056 0.455236
18 0.412891 0.530556 0.189844 0.319444 0.550922
18 0.413281 0.530556 0.192188 0.322222 0.5607
66 0.412891 0.532639 0.189844 0.329167 0.683626
66 0.4125 0.531944 0.189063 0.327778 0.71058
66 0.4125 0.53125 0.189063 0.329167 0.738026
66 0.412109 0.522917 0.186719 0.323611 0.298966
66 0.412109 0.522917 0.188281 0.323611 0.305499
18 0.412891 0.53125 0.191406 0.318056 0.455236
18 0.412891 0.530556 0.189844 0.319444 0.550922
18 0.413281 0.530556 0.192188 0.322222 0.5607
66 0.412891 0.532639 0.189844 0.329167 0.683626
66 0.4125 0.531944 0.189063 0.327778 0.71058
66 0.4125 0.53125 0.189063 0.329167 0.738026
66 0.412109 0.522917 0.186719 0.323611 0.298966
66 0.412109 0.522917 0.188281 0.323611 0.305499
18 0.412891 0.53125 0.191406 0.318056 0.455236
18 0.412891 0.530556 0.189844 0.319444 0.550922
18 0.413281 0.530556 0.192188 0.322222 0.5607
66 0.412891 0.532639 0.189844 0.329167 0.683626
66 0.4125 0.531944 0.189063 0.327778 0.71058
66 0.4125 0.53125 0.189063 0.329167 0.738026
