66 0.394141 0.554167 0.203906 0.352778 0.328871
66 0.392578 0.545833 0.199219 0.344444 0.370361
66 0.394141 0.552083 0.202344 0.345833 0.490929
66 0.392188 0.545139 0.196875 0.340278 0.493247
66 0.393359 0.551389 0.202344 0.344444 0.495079
66 0.392578 0.545139 0.199219 0.340278 0.510337
66 0.392969 0.547917 0.196875 0.351389 0.570186
66 0.392969 0.548611 0.196875 0.355556 0.600911
66 0.392969 0.547917 0.196875 0.354167 0.60958
66 0.394141 0.554167 0.203906 0.352778 0.328871
66 0.392578 0.545833 0.199219 0.344444 0.370361
66 0.394141 0.552083 0.202344 0.345833 0.490929
66 0.392188 0.545139 0.196875 0.340278 0.493247
66 0.393359 0.551389 0.202344 0.344444 0.495079
66 0.392578 0.545139 0.199219 0.340278 0.510337
66 0.392969 0.547917 0.196875 0.351389 0.570186
66 0.392969 0.548611 0.196875 0.355556 0.600911
66 0.392969 0.547917 0.196875 0.354167 0.60958
66 0.394141 0.554167 0.203906 0.352778 0.328871
66 0.392578 0.545833 0.199219 0.344444 0.370361
66 0.394141 0.552083 0.202344 0.345833 0.490929
66 0.392188 0.545139 0.196875 0.340278 0.493247
66 0.393359 0.551389 0.202344 0.344444 0.495079
66 0.392578 0.545139 0.199219 0.340278 0.510337
66 0.392969 0.547917 0.196875 0.351389 0.570186
66 0.392969 0.548611 0.196875 0.355556 0.600911
66 0.392969 0.547917 0.196875 0.354167 0.60958
