68 0.422656 0.125 0.164062 0.247222 0.300369
68 0.422266 0.122917 0.161719 0.243056 0.301438
68 0.423047 0.13125 0.164844 0.2625 0.316925
68 0.423438 0.129861 0.1625 0.259722 0.321231
68 0.422656 0.125 0.164062 0.247222 0.300369
68 0.422266 0.122917 0.161719 0.243056 0.301438
68 0.423047 0.13125 0.164844 0.2625 0.316925
68 0.423438 0.129861 0.1625 0.259722 0.321231
68 0.422656 0.125 0.164062 0.247222 0.300369
68 0.422266 0.122917 0.161719 0.243056 0.301438
68 0.423047 0.13125 0.164844 0.2625 0.316925
68 0.423438 0.129861 0.1625 0.259722 0.321231
