18 0.432422 0.546528 0.192969 0.304167 0.456066
18 0.431641 0.546528 0.188281 0.304167 0.460808
18 0.430859 0.54375 0.188281 0.301389 0.603207
18 0.430469 0.541667 0.189063 0.3 0.704951
18 0.430469 0.542361 0.185937 0.298611 0.719804
18 0.429688 0.545833 0.1875 0.311111 0.811275
18 0.430078 0.543056 0.188281 0.313889 0.824006
18 0.430078 0.543056 0.186719 0.311111 0.824599
18 0.432422 0.546528 0.192969 0.304167 0.456066
18 0.431641 0.546528 0.188281 0.304167 0.460808
18 0.430859 0.54375 0.188281 0.301389 0.603207
18 0.430469 0.541667 0.189063 0.3 0.704951
18 0.430469 0.542361 0.185937 0.298611 0.719804
18 0.429688 0.545833 0.1875 0.311111 0.811275
18 0.430078 0.543056 0.188281 0.313889 0.824006
18 0.430078 0.543056 0.186719 0.311111 0.824599
18 0.432422 0.546528 0.192969 0.304167 0.456066
18 0.431641 0.546528 0.188281 0.304167 0.460808
18 0.430859 0.54375 0.188281 0.301389 0.603207
18 0.430469 0.541667 0.189063 0.3 0.704951
18 0.430469 0.542361 0.185937 0.298611 0.719804
18 0.429688 0.545833 0.1875 0.311111 0.811275
18 0.430078 0.543056 0.188281 0.313889 0.824006
18 0.430078 0.543056 0.186719 0.311111 0.824599
