21 0.416797 0.522222 0.160156 0.341667 0.362721
21 0.417188 0.522222 0.157813 0.341667 0.404106
21 0.41875 0.527083 0.160938 0.348611 0.633783
21 0.41875 0.526389 0.159375 0.344444 0.662463
21 0.41875 0.526389 0.1625 0.344444 0.674719
21 0.41875 0.527778 0.160938 0.341667 0.746573
21 0.418359 0.527778 0.160156 0.341667 0.760062
21 0.417969 0.527083 0.1625 0.3375 0.768074
21 0.416797 0.522222 0.160156 0.341667 0.362721
21 0.417188 0.522222 0.157813 0.341667 0.404106
21 0.41875 0.527083 0.160938 0.348611 0.633783
21 0.41875 0.526389 0.159375 0.344444 0.662463
21 0.41875 0.526389 0.1625 0.344444 0.674719
21 0.41875 0.527778 0.160938 0.341667 0.746573
21 0.418359 0.527778 0.160156 0.341667 0.760062
21 0.417969 0.527083 0.1625 0.3375 0.768074
21 0.416797 0.522222 0.160156 0.341667 0.362721
21 0.417188 0.522222 0.157813 0.341667 0.404106
21 0.41875 0.527083 0.160938 0.348611 0.633783
21 0.41875 0.526389 0.159375 0.344444 0.662463
21 0.41875 0.526389 0.1625 0.344444 0.674719
21 0.41875 0.527778 0.160938 0.341667 0.746573
21 0.418359 0.527778 0.160156 0.341667 0.760062
21 0.417969 0.527083 0.1625 0.3375 0.768074
