58 0.358594 0.541667 0.159375 0.491667 0.256866
58 0.358203 0.554861 0.152344 0.481944 0.261502
58 0.358203 0.555556 0.157031 0.475 0.277336
58 0.358203 0.55625 0.158594 0.498611 0.286374
58 0.358984 0.54375 0.161719 0.509722 0.316042
58 0.358594 0.541667 0.159375 0.491667 0.256866
58 0.358203 0.554861 0.152344 0.481944 0.261502
58 0.358203 0.555556 0.157031 0.475 0.277336
58 0.358203 0.55625 0.158594 0.498611 0.286374
58 0.358984 0.54375 0.161719 0.509722 0.316042
58 0.358594 0.541667 0.159375 0.491667 0.256866
58 0.358203 0.554861 0.152344 0.481944 0.261502
58 0.358203 0.555556 0.157031 0.475 0.277336
58 0.358203 0.55625 0.158594 0.498611 0.286374
58 0.358984 0.54375 0.161719 0.509722 0.316042
