66 0.401172 0.550694 0.189844 0.340278 0.299377
66 0.400781 0.549306 0.1875 0.331944 0.41601
66 0.400781 0.549306 0.189063 0.334722 0.436477
66 0.401172 0.547917 0.183594 0.348611 0.575404
66 0.401172 0.547222 0.183594 0.344444 0.584111
66 0.401172 0.546528 0.183594 0.345833 0.618095
66 0.401172 0.550694 0.189844 0.340278 0.299377
66 0.400781 0.549306 0.1875 0.331944 0.41601
66 0.400781 0.549306 0.189063 0.334722 0.436477
66 0.401172 0.547917 0.183594 0.348611 0.575404
66 0.401172 0.547222 0.183594 0.344444 0.584111
66 0.401172 0.546528 0.183594 0.345833 0.618095
66 0.401172 0.550694 0.189844 0.340278 0.299377
66 0.400781 0.549306 0.1875 0.331944 0.41601
66 0.400781 0.549306 0.189063 0.334722 0.436477
66 0.401172 0.547917 0.183594 0.348611 0.575404
66 0.401172 0.547222 0.183594 0.344444 0.584111
66 0.401172 0.546528 0.183594 0.345833 0.618095
