21 0.424219 0.556944 0.210938 0.422222 0.550274
21 0.423438 0.557639 0.207813 0.4125 0.597133
21 0.423828 0.557639 0.213281 0.4125 0.629963
21 0.424219 0.557639 0.214062 0.423611 0.632268
21 0.424219 0.558333 0.209375 0.411111 0.636936
21 0.424219 0.557639 0.215625 0.4125 0.665553
21 0.424219 0.556944 0.210938 0.422222 0.550274
21 0.423438 0.557639 0.207813 0.4125 0.597133
21 0.423828 0.557639 0.213281 0.4125 0.629963
21 0.424219 0.557639 0.214062 0.423611 0.632268
21 0.424219 0.558333 0.209375 0.411111 0.636936
21 0.424219 0.557639 0.215625 0.4125 0.665553
21 0.424219 0.556944 0.210938 0.422222 0.550274
21 0.423438 0.557639 0.207813 0.4125 0.597133
21 0.423828 0.557639 0.213281 0.4125 0.629963
21 0.424219 0.557639 0.214062 0.423611 0.632268
21 0.424219 0.558333 0.209375 0.411111 0.636936
21 0.424219 0.557639 0.215625 0.4125 0.665553
