21 0.412891 0.54375 0.155469 0.331944 0.275058
21 0.4125 0.543056 0.157813 0.330556 0.295389
21 0.414062 0.525694 0.159375 0.345833 0.297522
21 0.414453 0.525694 0.155469 0.345833 0.299771
21 0.415234 0.532639 0.158594 0.351389 0.506825
21 0.414844 0.532639 0.15625 0.343056 0.611455
21 0.414844 0.531944 0.160938 0.344444 0.629519
21 0.414844 0.534722 0.15625 0.338889 0.740414
21 0.414453 0.534028 0.155469 0.3375 0.753577
21 0.414453 0.533333 0.157031 0.336111 0.758489
21 0.412891 0.54375 0.155469 0.331944 0.275058
21 0.4125 0.543056 0.157813 0.330556 0.295389
21 0.414062 0.525694 0.159375 0.345833 0.297522
21 0.414453 0.525694 0.155469 0.345833 0.299771
21 0.415234 0.532639 0.158594 0.351389 0.506825
21 0.414844 0.532639 0.15625 0.343056 0.611455
21 0.414844 0.531944 0.160938 0.344444 0.629519
21 0.414844 0.534722 0.15625 0.338889 0.740414
21 0.414453 0.534028 0.155469 0.3375 0.753577
21 0.414453 0.533333 0.157031 0.336111 0.758489
21 0.412891 0.54375 0.155469 0.331944 0.275058
21 0.4125 0.543056 0.157813 0.330556 0.295389
21 0.414062 0.525694 0.159375 0.345833 0.297522
21 0.414453 0.525694 0.155469 0.345833 0.299771
21 0.415234 0.532639 0.158594 0.351389 0.506825
21 0.414844 0.532639 0.15625 0.343056 0.611455
21 0.414844 0.531944 0.160938 0.344444 0.629519
21 0.414844 0.534722 0.15625 0.338889 0.740414
21 0.414453 0.534028 0.155469 0.3375 0.753577
21 0.414453 0.533333 0.157031 0.336111 0.758489
