66 0.396094 0.563194 0.29375 0.404167 0.268573
66 0.392188 0.567361 0.3 0.3875 0.27226
66 0.391797 0.571528 0.303906 0.395833 0.302306
66 0.396094 0.5625 0.29375 0.405556 0.338306
66 0.392188 0.568056 0.301562 0.391667 0.349515
66 0.396094 0.563194 0.29375 0.404167 0.268573
66 0.392188 0.567361 0.3 0.3875 0.27226
66 0.391797 0.571528 0.303906 0.395833 0.302306
66 0.396094 0.5625 0.29375 0.405556 0.338306
66 0.392188 0.568056 0.301562 0.391667 0.349515
66 0.396094 0.563194 0.29375 0.404167 0.268573
66 0.392188 0.567361 0.3 0.3875 0.27226
66 0.391797 0.571528 0.303906 0.395833 0.302306
66 0.396094 0.5625 0.29375 0.405556 0.338306
66 0.392188 0.568056 0.301562 0.391667 0.349515
