21 0.382422 0.564583 0.169531 0.359722 0.269202
21 0.397656 0.564583 0.204688 0.384722 0.287042
21 0.382422 0.565278 0.167969 0.361111 0.290878
21 0.38125 0.566667 0.164062 0.358333 0.303674
21 0.391406 0.570139 0.185937 0.373611 0.361621
21 0.396875 0.565278 0.198437 0.372222 0.376216
21 0.380469 0.565972 0.165625 0.351389 0.382995
21 0.380859 0.566667 0.163281 0.352778 0.391463
21 0.397266 0.564583 0.205469 0.370833 0.412991
21 0.390625 0.570139 0.182812 0.365278 0.426281
21 0.391016 0.569444 0.186719 0.363889 0.465359
21 0.382422 0.564583 0.169531 0.359722 0.269202
21 0.397656 0.564583 0.204688 0.384722 0.287042
21 0.382422 0.565278 0.167969 0.361111 0.290878
21 0.38125 0.566667 0.164062 0.358333 0.303674
21 0.391406 0.570139 0.185937 0.373611 0.361621
21 0.396875 0.565278 0.198437 0.372222 0.376216
21 0.380469 0.565972 0.165625 0.351389 0.382995
21 0.380859 0.566667 0.163281 0.352778 0.391463
21 0.397266 0.564583 0.205469 0.370833 0.412991
21 0.390625 0.570139 0.182812 0.365278 0.426281
21 0.391016 0.569444 0.186719 0.363889 0.465359
21 0.382422 0.564583 0.169531 0.359722 0.269202
21 0.397656 0.564583 0.204688 0.384722 0.287042
21 0.382422 0.565278 0.167969 0.361111 0.290878
21 0.38125 0.566667 0.164062 0.358333 0.303674
21 0.391406 0.570139 0.185937 0.373611 0.361621
21 0.396875 0.565278 0.198437 0.372222 0.376216
21 0.380469 0.565972 0.165625 0.351389 0.382995
21 0.380859 0.566667 0.163281 0.352778 0.391463
21 0.397266 0.564583 0.205469 0.370833 0.412991
21 0.390625 0.570139 0.182812 0.365278 0.426281
21 0.391016 0.569444 0.186719 0.363889 0.465359
