66 0.397656 0.545833 0.182812 0.336111 0.260541
66 0.398438 0.551389 0.1875 0.338889 0.294864
66 0.397656 0.546528 0.182812 0.331944 0.405879
66 0.398047 0.545833 0.183594 0.333333 0.41728
66 0.398047 0.549306 0.185156 0.331944 0.469438
66 0.398047 0.547917 0.185156 0.329167 0.472548
66 0.398047 0.547222 0.182031 0.338889 0.659429
66 0.398047 0.547917 0.182031 0.343056 0.668299
66 0.398047 0.547222 0.182031 0.341667 0.685611
66 0.397656 0.545833 0.182812 0.336111 0.260541
66 0.398438 0.551389 0.1875 0.338889 0.294864
66 0.397656 0.546528 0.182812 0.331944 0.405879
66 0.398047 0.545833 0.183594 0.333333 0.41728
66 0.398047 0.549306 0.185156 0.331944 0.469438
66 0.398047 0.547917 0.185156 0.329167 0.472548
66 0.398047 0.547222 0.182031 0.338889 0.659429
66 0.398047 0.547917 0.182031 0.343056 0.668299
66 0.398047 0.547222 0.182031 0.341667 0.685611
66 0.397656 0.545833 0.182812 0.336111 0.260541
66 0.398438 0.551389 0.1875 0.338889 0.294864
66 0.397656 0.546528 0.182812 0.331944 0.405879
66 0.398047 0.545833 0.183594 0.333333 0.41728
66 0.398047 0.549306 0.185156 0.331944 0.469438
66 0.398047 0.547917 0.185156 0.329167 0.472548
66 0.398047 0.547222 0.182031 0.338889 0.659429
66 0.398047 0.547917 0.182031 0.343056 0.668299
66 0.398047 0.547222 0.182031 0.341667 0.685611
