18 0.430078 0.558333 0.185156 0.330556 0.305328
18 0.430078 0.55625 0.185156 0.329167 0.490533
18 0.429688 0.556944 0.18125 0.327778 0.505617
18 0.433203 0.563194 0.188281 0.323611 0.668634
18 0.433203 0.5625 0.189844 0.319444 0.707744
18 0.432813 0.563194 0.184375 0.320833 0.720927
18 0.43125 0.561111 0.185937 0.330556 0.775162
18 0.431641 0.559722 0.185156 0.327778 0.784584
18 0.43125 0.559028 0.189063 0.329167 0.788827
18 0.430078 0.558333 0.185156 0.330556 0.305328
18 0.430078 0.55625 0.185156 0.329167 0.490533
18 0.429688 0.556944 0.18125 0.327778 0.505617
18 0.433203 0.563194 0.188281 0.323611 0.668634
18 0.433203 0.5625 0.189844 0.319444 0.707744
18 0.432813 0.563194 0.184375 0.320833 0.720927
18 0.43125 0.561111 0.185937 0.330556 0.775162
18 0.431641 0.559722 0.185156 0.327778 0.784584
18 0.43125 0.559028 0.189063 0.329167 0.788827
18 0.430078 0.558333 0.185156 0.330556 0.305328
18 0.430078 0.55625 0.185156 0.329167 0.490533
18 0.429688 0.556944 0.18125 0.327778 0.505617
18 0.433203 0.563194 0.188281 0.323611 0.668634
18 0.433203 0.5625 0.189844 0.319444 0.707744
18 0.432813 0.563194 0.184375 0.320833 0.720927
18 0.43125 0.561111 0.185937 0.330556 0.775162
18 0.431641 0.559722 0.185156 0.327778 0.784584
18 0.43125 0.559028 0.189063 0.329167 0.788827
