66 0.396484 0.551389 0.189844 0.338889 0.257946
66 0.395703 0.544444 0.185156 0.333333 0.324227
66 0.396875 0.549306 0.1875 0.331944 0.449164
66 0.396094 0.544444 0.184375 0.330556 0.456658
66 0.396094 0.549306 0.1875 0.329167 0.457754
66 0.396094 0.544444 0.185937 0.330556 0.466039
66 0.396094 0.546528 0.182812 0.3375 0.630602
66 0.396094 0.547222 0.182812 0.341667 0.646081
66 0.396484 0.546528 0.183594 0.340278 0.658287
66 0.396484 0.551389 0.189844 0.338889 0.257946
66 0.395703 0.544444 0.185156 0.333333 0.324227
66 0.396875 0.549306 0.1875 0.331944 0.449164
66 0.396094 0.544444 0.184375 0.330556 0.456658
66 0.396094 0.549306 0.1875 0.329167 0.457754
66 0.396094 0.544444 0.185937 0.330556 0.466039
66 0.396094 0.546528 0.182812 0.3375 0.630602
66 0.396094 0.547222 0.182812 0.341667 0.646081
66 0.396484 0.546528 0.183594 0.340278 0.658287
66 0.396484 0.551389 0.189844 0.338889 0.257946
66 0.395703 0.544444 0.185156 0.333333 0.324227
66 0.396875 0.549306 0.1875 0.331944 0.449164
66 0.396094 0.544444 0.184375 0.330556 0.456658
66 0.396094 0.549306 0.1875 0.329167 0.457754
66 0.396094 0.544444 0.185937 0.330556 0.466039
66 0.396094 0.546528 0.182812 0.3375 0.630602
66 0.396094 0.547222 0.182812 0.341667 0.646081
66 0.396484 0.546528 0.183594 0.340278 0.658287
