21 0.417969 0.504861 0.179688 0.390278 0.323289
21 0.417969 0.504861 0.184375 0.3875 0.326371
21 0.417578 0.495139 0.183594 0.390278 0.453174
21 0.417188 0.495833 0.179688 0.383333 0.551308
21 0.417578 0.495139 0.186719 0.384722 0.561175
21 0.417188 0.498611 0.182812 0.391667 0.713744
21 0.416406 0.495139 0.179688 0.3875 0.737273
21 0.416797 0.498611 0.178906 0.388889 0.759364
21 0.416797 0.498611 0.183594 0.383333 0.768013
21 0.416016 0.495139 0.182031 0.384722 0.784671
21 0.416797 0.495139 0.177344 0.384722 0.784934
21 0.417969 0.504861 0.179688 0.390278 0.323289
21 0.417969 0.504861 0.184375 0.3875 0.326371
21 0.417578 0.495139 0.183594 0.390278 0.453174
21 0.417188 0.495833 0.179688 0.383333 0.551308
21 0.417578 0.495139 0.186719 0.384722 0.561175
21 0.417188 0.498611 0.182812 0.391667 0.713744
21 0.416406 0.495139 0.179688 0.3875 0.737273
21 0.416797 0.498611 0.178906 0.388889 0.759364
21 0.416797 0.498611 0.183594 0.383333 0.768013
21 0.416016 0.495139 0.182031 0.384722 0.784671
21 0.416797 0.495139 0.177344 0.384722 0.784934
21 0.417969 0.504861 0.179688 0.390278 0.323289
21 0.417969 0.504861 0.184375 0.3875 0.326371
21 0.417578 0.495139 0.183594 0.390278 0.453174
21 0.417188 0.495833 0.179688 0.383333 0.551308
21 0.417578 0.495139 0.186719 0.384722 0.561175
21 0.417188 0.498611 0.182812 0.391667 0.713744
21 0.416406 0.495139 0.179688 0.3875 0.737273
21 0.416797 0.498611 0.178906 0.388889 0.759364
21 0.416797 0.498611 0.183594 0.383333 0.768013
21 0.416016 0.495139 0.182031 0.384722 0.784671
21 0.416797 0.495139 0.177344 0.384722 0.784934
