66 0.407813 0.547917 0.201562 0.340278 0.29504
66 0.407813 0.548611 0.203125 0.341667 0.314367
18 0.410547 0.541667 0.199219 0.341667 0.49513
18 0.410156 0.540972 0.2 0.345833 0.544932
66 0.408594 0.544444 0.196875 0.361111 0.558042
18 0.410156 0.540972 0.196875 0.343056 0.563733
66 0.408594 0.543056 0.196875 0.358333 0.565231
66 0.408203 0.543056 0.196094 0.361111 0.588956
66 0.407813 0.547917 0.201562 0.340278 0.29504
66 0.407813 0.548611 0.203125 0.341667 0.314367
18 0.410547 0.541667 0.199219 0.341667 0.49513
18 0.410156 0.540972 0.2 0.345833 0.544932
66 0.408594 0.544444 0.196875 0.361111 0.558042
18 0.410156 0.540972 0.196875 0.343056 0.563733
66 0.408594 0.543056 0.196875 0.358333 0.565231
66 0.408203 0.543056 0.196094 0.361111 0.588956
66 0.407813 0.547917 0.201562 0.340278 0.29504
66 0.407813 0.548611 0.203125 0.341667 0.314367
18 0.410547 0.541667 0.199219 0.341667 0.49513
18 0.410156 0.540972 0.2 0.345833 0.544932
66 0.408594 0.544444 0.196875 0.361111 0.558042
18 0.410156 0.540972 0.196875 0.343056 0.563733
66 0.408594 0.543056 0.196875 0.358333 0.565231
66 0.408203 0.543056 0.196094 0.361111 0.588956
