21 0.399609 0.541667 0.108594 0.258333 0.273311
21 0.398047 0.540278 0.110156 0.286111 0.300888
21 0.398438 0.539583 0.110937 0.284722 0.309198
21 0.399219 0.5375 0.107813 0.277778 0.481667
21 0.399609 0.538889 0.108594 0.272222 0.5264
21 0.399219 0.5375 0.109375 0.272222 0.569375
21 0.399609 0.541667 0.108594 0.258333 0.273311
21 0.398047 0.540278 0.110156 0.286111 0.300888
21 0.398438 0.539583 0.110937 0.284722 0.309198
21 0.399219 0.5375 0.107813 0.277778 0.481667
21 0.399609 0.538889 0.108594 0.272222 0.5264
21 0.399219 0.5375 0.109375 0.272222 0.569375
21 0.399609 0.541667 0.108594 0.258333 0.273311
21 0.398047 0.540278 0.110156 0.286111 0.300888
21 0.398438 0.539583 0.110937 0.284722 0.309198
21 0.399219 0.5375 0.107813 0.277778 0.481667
21 0.399609 0.538889 0.108594 0.272222 0.5264
21 0.399219 0.5375 0.109375 0.272222 0.569375
