40 0.41875 0.675 0.26875 0.341667 0.273445
66 0.419141 0.675 0.271094 0.338889 0.27366
66 0.418359 0.678472 0.267969 0.345833 0.328679
66 0.41875 0.678472 0.271875 0.351389 0.346069
66 0.418359 0.678472 0.271094 0.343056 0.370181
40 0.41875 0.675 0.26875 0.341667 0.273445
66 0.419141 0.675 0.271094 0.338889 0.27366
66 0.418359 0.678472 0.267969 0.345833 0.328679
66 0.41875 0.678472 0.271875 0.351389 0.346069
66 0.418359 0.678472 0.271094 0.343056 0.370181
40 0.41875 0.675 0.26875 0.341667 0.273445
66 0.419141 0.675 0.271094 0.338889 0.27366
66 0.418359 0.678472 0.267969 0.345833 0.328679
66 0.41875 0.678472 0.271875 0.351389 0.346069
66 0.418359 0.678472 0.271094 0.343056 0.370181
