18 0.446875 0.488889 0.20625 0.3 0.316806
18 0.446875 0.489583 0.20625 0.298611 0.608098
18 0.446875 0.488889 0.207813 0.3 0.612445
18 0.445703 0.495833 0.210156 0.311111 0.780711
18 0.444531 0.497222 0.204688 0.305556 0.818667
18 0.445312 0.494444 0.210938 0.305556 0.830077
18 0.444922 0.495139 0.207031 0.306944 0.839916
18 0.444141 0.496528 0.205469 0.304167 0.847223
18 0.444141 0.497222 0.203906 0.305556 0.85405
18 0.446875 0.488889 0.20625 0.3 0.316806
18 0.446875 0.489583 0.20625 0.298611 0.608098
18 0.446875 0.488889 0.207813 0.3 0.612445
18 0.445703 0.495833 0.210156 0.311111 0.780711
18 0.444531 0.497222 0.204688 0.305556 0.818667
18 0.445312 0.494444 0.210938 0.305556 0.830077
18 0.444922 0.495139 0.207031 0.306944 0.839916
18 0.444141 0.496528 0.205469 0.304167 0.847223
18 0.444141 0.497222 0.203906 0.305556 0.85405
18 0.446875 0.488889 0.20625 0.3 0.316806
18 0.446875 0.489583 0.20625 0.298611 0.608098
18 0.446875 0.488889 0.207813 0.3 0.612445
18 0.445703 0.495833 0.210156 0.311111 0.780711
18 0.444531 0.497222 0.204688 0.305556 0.818667
18 0.445312 0.494444 0.210938 0.305556 0.830077
18 0.444922 0.495139 0.207031 0.306944 0.839916
18 0.444141 0.496528 0.205469 0.304167 0.847223
18 0.444141 0.497222 0.203906 0.305556 0.85405
