66 0.408984 0.624306 0.249219 0.343056 0.251076
66 0.409375 0.625 0.25 0.341667 0.253525
66 0.412109 0.602083 0.242969 0.373611 0.26581
66 0.411719 0.602778 0.240625 0.375 0.327576
66 0.411719 0.602083 0.24375 0.376389 0.367409
66 0.410937 0.609028 0.248437 0.376389 0.506071
66 0.410156 0.608333 0.246875 0.375 0.512184
66 0.410547 0.608333 0.247656 0.375 0.526051
66 0.408984 0.624306 0.249219 0.343056 0.251076
66 0.409375 0.625 0.25 0.341667 0.253525
66 0.412109 0.602083 0.242969 0.373611 0.26581
66 0.411719 0.602778 0.240625 0.375 0.327576
66 0.411719 0.602083 0.24375 0.376389 0.367409
66 0.410937 0.609028 0.248437 0.376389 0.506071
66 0.410156 0.608333 0.246875 0.375 0.512184
66 0.410547 0.608333 0.247656 0.375 0.526051
66 0.408984 0.624306 0.249219 0.343056 0.251076
66 0.409375 0.625 0.25 0.341667 0.253525
66 0.412109 0.602083 0.242969 0.373611 0.26581
66 0.411719 0.602778 0.240625 0.375 0.327576
66 0.411719 0.602083 0.24375 0.376389 0.367409
66 0.410937 0.609028 0.248437 0.376389 0.506071
66 0.410156 0.608333 0.246875 0.375 0.512184
66 0.410547 0.608333 0.247656 0.375 0.526051
