18 0.432031 0.543056 0.240625 0.338889 0.274252
18 0.432422 0.543056 0.247656 0.338889 0.299581
18 0.437109 0.554861 0.258594 0.345833 0.386778
18 0.436719 0.553472 0.257812 0.340278 0.41545
18 0.435547 0.554167 0.253906 0.341667 0.502947
18 0.437109 0.552778 0.249219 0.35 0.65812
18 0.436719 0.550694 0.25 0.345833 0.679634
18 0.436719 0.551389 0.248437 0.347222 0.684796
18 0.432031 0.543056 0.240625 0.338889 0.274252
18 0.432422 0.543056 0.247656 0.338889 0.299581
18 0.437109 0.554861 0.258594 0.345833 0.386778
18 0.436719 0.553472 0.257812 0.340278 0.41545
18 0.435547 0.554167 0.253906 0.341667 0.502947
18 0.437109 0.552778 0.249219 0.35 0.65812
18 0.436719 0.550694 0.25 0.345833 0.679634
18 0.436719 0.551389 0.248437 0.347222 0.684796
18 0.432031 0.543056 0.240625 0.338889 0.274252
18 0.432422 0.543056 0.247656 0.338889 0.299581
18 0.437109 0.554861 0.258594 0.345833 0.386778
18 0.436719 0.553472 0.257812 0.340278 0.41545
18 0.435547 0.554167 0.253906 0.341667 0.502947
18 0.437109 0.552778 0.249219 0.35 0.65812
18 0.436719 0.550694 0.25 0.345833 0.679634
18 0.436719 0.551389 0.248437 0.347222 0.684796
