66 0.407031 0.521528 0.179688 0.329167 0.324817
66 0.407031 0.521528 0.179688 0.329167 0.440975
66 0.406641 0.521528 0.180469 0.329167 0.459906
66 0.409375 0.527083 0.184375 0.323611 0.503199
66 0.408984 0.527778 0.182031 0.322222 0.590677
66 0.409375 0.527083 0.184375 0.323611 0.653159
66 0.407813 0.527778 0.18125 0.330556 0.761251
66 0.407422 0.527778 0.180469 0.330556 0.77009
66 0.407422 0.527083 0.180469 0.329167 0.786923
66 0.407031 0.521528 0.179688 0.329167 0.324817
66 0.407031 0.521528 0.179688 0.329167 0.440975
66 0.406641 0.521528 0.180469 0.329167 0.459906
66 0.409375 0.527083 0.184375 0.323611 0.503199
66 0.408984 0.527778 0.182031 0.322222 0.590677
66 0.409375 0.527083 0.184375 0.323611 0.653159
66 0.407813 0.527778 0.18125 0.330556 0.761251
66 0.407422 0.527778 0.180469 0.330556 0.77009
66 0.407422 0.527083 0.180469 0.329167 0.786923
66 0.407031 0.521528 0.179688 0.329167 0.324817
66 0.407031 0.521528 0.179688 0.329167 0.440975
66 0.406641 0.521528 0.180469 0.329167 0.459906
66 0.409375 0.527083 0.184375 0.323611 0.503199
66 0.408984 0.527778 0.182031 0.322222 0.590677
66 0.409375 0.527083 0.184375 0.323611 0.653159
66 0.407813 0.527778 0.18125 0.330556 0.761251
66 0.407422 0.527778 0.180469 0.330556 0.77009
66 0.407422 0.527083 0.180469 0.329167 0.786923
