66 0.395312 0.552778 0.19375 0.347222 0.288654
66 0.394531 0.545833 0.189063 0.338889 0.348396
66 0.395703 0.550694 0.191406 0.3375 0.478403
66 0.394531 0.545833 0.1875 0.336111 0.480687
66 0.395312 0.55 0.192188 0.336111 0.485912
66 0.394531 0.545139 0.189063 0.3375 0.491362
66 0.394922 0.547222 0.186719 0.344444 0.616105
66 0.394922 0.548611 0.186719 0.347222 0.644351
66 0.394922 0.547222 0.186719 0.347222 0.649682
66 0.395312 0.552778 0.19375 0.347222 0.288654
66 0.394531 0.545833 0.189063 0.338889 0.348396
66 0.395703 0.550694 0.191406 0.3375 0.478403
66 0.394531 0.545833 0.1875 0.336111 0.480687
66 0.395312 0.55 0.192188 0.336111 0.485912
66 0.394531 0.545139 0.189063 0.3375 0.491362
66 0.394922 0.547222 0.186719 0.344444 0.616105
66 0.394922 0.548611 0.186719 0.347222 0.644351
66 0.394922 0.547222 0.186719 0.347222 0.649682
66 0.395312 0.552778 0.19375 0.347222 0.288654
66 0.394531 0.545833 0.189063 0.338889 0.348396
66 0.395703 0.550694 0.191406 0.3375 0.478403
66 0.394531 0.545833 0.1875 0.336111 0.480687
66 0.395312 0.55 0.192188 0.336111 0.485912
66 0.394531 0.545139 0.189063 0.3375 0.491362
66 0.394922 0.547222 0.186719 0.344444 0.616105
66 0.394922 0.548611 0.186719 0.347222 0.644351
66 0.394922 0.547222 0.186719 0.347222 0.649682
