66 0.411328 0.5375 0.194531 0.35 0.57227
66 0.411328 0.5375 0.194531 0.347222 0.603652
18 0.411328 0.536111 0.197656 0.336111 0.645682
66 0.411328 0.5375 0.194531 0.35 0.654381
18 0.411328 0.536111 0.199219 0.338889 0.698908
18 0.411328 0.536111 0.196094 0.336111 0.707011
66 0.411328 0.5375 0.194531 0.35 0.57227
66 0.411328 0.5375 0.194531 0.347222 0.603652
18 0.411328 0.536111 0.197656 0.336111 0.645682
66 0.411328 0.5375 0.194531 0.35 0.654381
18 0.411328 0.536111 0.199219 0.338889 0.698908
18 0.411328 0.536111 0.196094 0.336111 0.707011
66 0.411328 0.5375 0.194531 0.35 0.57227
66 0.411328 0.5375 0.194531 0.347222 0.603652
18 0.411328 0.536111 0.197656 0.336111 0.645682
66 0.411328 0.5375 0.194531 0.35 0.654381
18 0.411328 0.536111 0.199219 0.338889 0.698908
18 0.411328 0.536111 0.196094 0.336111 0.707011
