21 0.621875 0.332639 0.142188 0.665278 0.263179
21 0.626562 0.313889 0.153125 0.627778 0.315029
21 0.625781 0.313889 0.15625 0.627778 0.332878
21 0.622656 0.331944 0.14375 0.663889 0.385873
21 0.621875 0.33125 0.145313 0.6625 0.398624
21 0.624219 0.333333 0.146875 0.666667 0.540684
21 0.624609 0.330556 0.147656 0.661111 0.569075
21 0.624609 0.329167 0.150781 0.658333 0.585304
21 0.621875 0.332639 0.142188 0.665278 0.263179
21 0.626562 0.313889 0.153125 0.627778 0.315029
21 0.625781 0.313889 0.15625 0.627778 0.332878
21 0.622656 0.331944 0.14375 0.663889 0.385873
21 0.621875 0.33125 0.145313 0.6625 0.398624
21 0.624219 0.333333 0.146875 0.666667 0.540684
21 0.624609 0.330556 0.147656 0.661111 0.569075
21 0.624609 0.329167 0.150781 0.658333 0.585304
21 0.621875 0.332639 0.142188 0.665278 0.263179
21 0.626562 0.313889 0.153125 0.627778 0.315029
21 0.625781 0.313889 0.15625 0.627778 0.332878
21 0.622656 0.331944 0.14375 0.663889 0.385873
21 0.621875 0.33125 0.145313 0.6625 0.398624
21 0.624219 0.333333 0.146875 0.666667 0.540684
21 0.624609 0.330556 0.147656 0.661111 0.569075
21 0.624609 0.329167 0.150781 0.658333 0.585304
