66 0.398828 0.546528 0.185156 0.3375 0.287291
66 0.399219 0.546528 0.185937 0.340278 0.302483
66 0.400391 0.550694 0.189844 0.343056 0.356376
66 0.4 0.549306 0.1875 0.334722 0.480467
66 0.4 0.549306 0.1875 0.3375 0.487988
66 0.4 0.547917 0.182812 0.345833 0.64735
66 0.400391 0.548611 0.183594 0.35 0.657012
66 0.400391 0.547917 0.183594 0.348611 0.669718
66 0.398828 0.546528 0.185156 0.3375 0.287291
66 0.399219 0.546528 0.185937 0.340278 0.302483
66 0.400391 0.550694 0.189844 0.343056 0.356376
66 0.4 0.549306 0.1875 0.334722 0.480467
66 0.4 0.549306 0.1875 0.3375 0.487988
66 0.4 0.547917 0.182812 0.345833 0.64735
66 0.400391 0.548611 0.183594 0.35 0.657012
66 0.400391 0.547917 0.183594 0.348611 0.669718
66 0.398828 0.546528 0.185156 0.3375 0.287291
66 0.399219 0.546528 0.185937 0.340278 0.302483
66 0.400391 0.550694 0.189844 0.343056 0.356376
66 0.4 0.549306 0.1875 0.334722 0.480467
66 0.4 0.549306 0.1875 0.3375 0.487988
66 0.4 0.547917 0.182812 0.345833 0.64735
66 0.400391 0.548611 0.183594 0.35 0.657012
66 0.400391 0.547917 0.183594 0.348611 0.669718
