21 0.407031 0.547917 0.146875 0.331944 0.366891
21 0.407031 0.547917 0.15 0.329167 0.3833
21 0.410937 0.534722 0.15625 0.352778 0.490571
21 0.410547 0.534722 0.158594 0.352778 0.516924
21 0.409766 0.540278 0.150781 0.338889 0.70847
21 0.409766 0.539583 0.150781 0.3375 0.713149
21 0.409375 0.538889 0.151562 0.336111 0.722495
21 0.407031 0.547917 0.146875 0.331944 0.366891
21 0.407031 0.547917 0.15 0.329167 0.3833
21 0.410937 0.534722 0.15625 0.352778 0.490571
21 0.410547 0.534722 0.158594 0.352778 0.516924
21 0.409766 0.540278 0.150781 0.338889 0.70847
21 0.409766 0.539583 0.150781 0.3375 0.713149
21 0.409375 0.538889 0.151562 0.336111 0.722495
21 0.407031 0.547917 0.146875 0.331944 0.366891
21 0.407031 0.547917 0.15 0.329167 0.3833
21 0.410937 0.534722 0.15625 0.352778 0.490571
21 0.410547 0.534722 0.158594 0.352778 0.516924
21 0.409766 0.540278 0.150781 0.338889 0.70847
21 0.409766 0.539583 0.150781 0.3375 0.713149
21 0.409375 0.538889 0.151562 0.336111 0.722495
