21 0.413672 0.525694 0.160156 0.348611 0.275575
21 0.413672 0.525694 0.157031 0.348611 0.280897
21 0.411328 0.544444 0.153906 0.333333 0.288178
21 0.411328 0.54375 0.157031 0.331944 0.308709
21 0.413672 0.533333 0.161719 0.355556 0.398601
21 0.413672 0.533333 0.158594 0.347222 0.558186
21 0.413672 0.532639 0.163281 0.348611 0.587456
21 0.413672 0.535417 0.157031 0.340278 0.7283
21 0.413672 0.534722 0.155469 0.338889 0.73649
21 0.413281 0.534028 0.157813 0.3375 0.744814
21 0.413672 0.525694 0.160156 0.348611 0.275575
21 0.413672 0.525694 0.157031 0.348611 0.280897
21 0.411328 0.544444 0.153906 0.333333 0.288178
21 0.411328 0.54375 0.157031 0.331944 0.308709
21 0.413672 0.533333 0.161719 0.355556 0.398601
21 0.413672 0.533333 0.158594 0.347222 0.558186
21 0.413672 0.532639 0.163281 0.348611 0.587456
21 0.413672 0.535417 0.157031 0.340278 0.7283
21 0.413672 0.534722 0.155469 0.338889 0.73649
21 0.413281 0.534028 0.157813 0.3375 0.744814
21 0.413672 0.525694 0.160156 0.348611 0.275575
21 0.413672 0.525694 0.157031 0.348611 0.280897
21 0.411328 0.544444 0.153906 0.333333 0.288178
21 0.411328 0.54375 0.157031 0.331944 0.308709
21 0.413672 0.533333 0.161719 0.355556 0.398601
21 0.413672 0.533333 0.158594 0.347222 0.558186
21 0.413672 0.532639 0.163281 0.348611 0.587456
21 0.413672 0.535417 0.157031 0.340278 0.7283
21 0.413672 0.534722 0.155469 0.338889 0.73649
21 0.413281 0.534028 0.157813 0.3375 0.744814
