66 0.394531 0.553472 0.2 0.351389 0.295024
66 0.392969 0.545833 0.19375 0.344444 0.356639
66 0.394141 0.551389 0.197656 0.344444 0.459681
66 0.394141 0.551389 0.197656 0.341667 0.462811
66 0.392969 0.545833 0.192188 0.341667 0.47839
66 0.392578 0.545833 0.194531 0.341667 0.488931
66 0.393359 0.548611 0.191406 0.35 0.560638
66 0.39375 0.549306 0.192188 0.354167 0.592525
66 0.39375 0.548611 0.192188 0.352778 0.599324
66 0.394531 0.553472 0.2 0.351389 0.295024
66 0.392969 0.545833 0.19375 0.344444 0.356639
66 0.394141 0.551389 0.197656 0.344444 0.459681
66 0.394141 0.551389 0.197656 0.341667 0.462811
66 0.392969 0.545833 0.192188 0.341667 0.47839
66 0.392578 0.545833 0.194531 0.341667 0.488931
66 0.393359 0.548611 0.191406 0.35 0.560638
66 0.39375 0.549306 0.192188 0.354167 0.592525
66 0.39375 0.548611 0.192188 0.352778 0.599324
66 0.394531 0.553472 0.2 0.351389 0.295024
66 0.392969 0.545833 0.19375 0.344444 0.356639
66 0.394141 0.551389 0.197656 0.344444 0.459681
66 0.394141 0.551389 0.197656 0.341667 0.462811
66 0.392969 0.545833 0.192188 0.341667 0.47839
66 0.392578 0.545833 0.194531 0.341667 0.488931
66 0.393359 0.548611 0.191406 0.35 0.560638
66 0.39375 0.549306 0.192188 0.354167 0.592525
66 0.39375 0.548611 0.192188 0.352778 0.599324
