18 0.407813 0.543056 0.185937 0.333333 0.267098
66 0.402344 0.550694 0.192188 0.340278 0.278475
18 0.407813 0.543056 0.182812 0.330556 0.310428
66 0.401953 0.549306 0.188281 0.331944 0.399853
66 0.402344 0.549306 0.190625 0.334722 0.41893
66 0.402344 0.547917 0.184375 0.348611 0.563175
66 0.402344 0.547222 0.184375 0.344444 0.575702
66 0.402344 0.546528 0.184375 0.345833 0.612115
18 0.407813 0.543056 0.185937 0.333333 0.267098
66 0.402344 0.550694 0.192188 0.340278 0.278475
18 0.407813 0.543056 0.182812 0.330556 0.310428
66 0.401953 0.549306 0.188281 0.331944 0.399853
66 0.402344 0.549306 0.190625 0.334722 0.41893
66 0.402344 0.547917 0.184375 0.348611 0.563175
66 0.402344 0.547222 0.184375 0.344444 0.575702
66 0.402344 0.546528 0.184375 0.345833 0.612115
18 0.407813 0.543056 0.185937 0.333333 0.267098
66 0.402344 0.550694 0.192188 0.340278 0.278475
18 0.407813 0.543056 0.182812 0.330556 0.310428
66 0.401953 0.549306 0.188281 0.331944 0.399853
66 0.402344 0.549306 0.190625 0.334722 0.41893
66 0.402344 0.547917 0.184375 0.348611 0.563175
66 0.402344 0.547222 0.184375 0.344444 0.575702
66 0.402344 0.546528 0.184375 0.345833 0.612115
