66 0.398828 0.546528 0.183594 0.331944 0.336241
66 0.399219 0.550694 0.1875 0.3375 0.338655
66 0.398438 0.547222 0.184375 0.333333 0.350001
66 0.399219 0.549306 0.185937 0.329167 0.487489
66 0.399219 0.549306 0.185937 0.331944 0.492574
66 0.399219 0.547917 0.18125 0.340278 0.644482
66 0.399609 0.549306 0.182031 0.343056 0.648457
66 0.399609 0.547917 0.182031 0.343056 0.670424
66 0.398828 0.546528 0.183594 0.331944 0.336241
66 0.399219 0.550694 0.1875 0.3375 0.338655
66 0.398438 0.547222 0.184375 0.333333 0.350001
66 0.399219 0.549306 0.185937 0.329167 0.487489
66 0.399219 0.549306 0.185937 0.331944 0.492574
66 0.399219 0.547917 0.18125 0.340278 0.644482
66 0.399609 0.549306 0.182031 0.343056 0.648457
66 0.399609 0.547917 0.182031 0.343056 0.670424
66 0.398828 0.546528 0.183594 0.331944 0.336241
66 0.399219 0.550694 0.1875 0.3375 0.338655
66 0.398438 0.547222 0.184375 0.333333 0.350001
66 0.399219 0.549306 0.185937 0.329167 0.487489
66 0.399219 0.549306 0.185937 0.331944 0.492574
66 0.399219 0.547917 0.18125 0.340278 0.644482
66 0.399609 0.549306 0.182031 0.343056 0.648457
66 0.399609 0.547917 0.182031 0.343056 0.670424
