66 0.408984 0.548611 0.210156 0.341667 0.325285
66 0.408984 0.549306 0.210156 0.343056 0.339719
18 0.411328 0.540972 0.203906 0.343056 0.548853
66 0.409766 0.544444 0.203906 0.363889 0.580145
66 0.409766 0.543056 0.203906 0.361111 0.594126
18 0.411328 0.540278 0.205469 0.347222 0.598784
66 0.409766 0.543056 0.203906 0.363889 0.608591
18 0.410937 0.540972 0.203125 0.343056 0.615676
66 0.408984 0.548611 0.210156 0.341667 0.325285
66 0.408984 0.549306 0.210156 0.343056 0.339719
18 0.411328 0.540972 0.203906 0.343056 0.548853
66 0.409766 0.544444 0.203906 0.363889 0.580145
66 0.409766 0.543056 0.203906 0.361111 0.594126
18 0.411328 0.540278 0.205469 0.347222 0.598784
66 0.409766 0.543056 0.203906 0.363889 0.608591
18 0.410937 0.540972 0.203125 0.343056 0.615676
66 0.408984 0.548611 0.210156 0.341667 0.325285
66 0.408984 0.549306 0.210156 0.343056 0.339719
18 0.411328 0.540972 0.203906 0.343056 0.548853
66 0.409766 0.544444 0.203906 0.363889 0.580145
66 0.409766 0.543056 0.203906 0.361111 0.594126
18 0.411328 0.540278 0.205469 0.347222 0.598784
66 0.409766 0.543056 0.203906 0.363889 0.608591
18 0.410937 0.540972 0.203125 0.343056 0.615676
