21 0.416797 0.518056 0.158594 0.325 0.262832
21 0.416016 0.51875 0.160156 0.326389 0.563669
21 0.417188 0.520833 0.1625 0.327778 0.59494
21 0.417188 0.51875 0.159375 0.326389 0.597258
21 0.417578 0.520833 0.160156 0.325 0.6739
21 0.417578 0.520139 0.164844 0.323611 0.675191
21 0.417188 0.522222 0.1625 0.325 0.765692
21 0.417188 0.522222 0.160938 0.322222 0.776924
21 0.416797 0.521528 0.163281 0.320833 0.782487
21 0.416797 0.518056 0.158594 0.325 0.262832
21 0.416016 0.51875 0.160156 0.326389 0.563669
21 0.417188 0.520833 0.1625 0.327778 0.59494
21 0.417188 0.51875 0.159375 0.326389 0.597258
21 0.417578 0.520833 0.160156 0.325 0.6739
21 0.417578 0.520139 0.164844 0.323611 0.675191
21 0.417188 0.522222 0.1625 0.325 0.765692
21 0.417188 0.522222 0.160938 0.322222 0.776924
21 0.416797 0.521528 0.163281 0.320833 0.782487
21 0.416797 0.518056 0.158594 0.325 0.262832
21 0.416016 0.51875 0.160156 0.326389 0.563669
21 0.417188 0.520833 0.1625 0.327778 0.59494
21 0.417188 0.51875 0.159375 0.326389 0.597258
21 0.417578 0.520833 0.160156 0.325 0.6739
21 0.417578 0.520139 0.164844 0.323611 0.675191
21 0.417188 0.522222 0.1625 0.325 0.765692
21 0.417188 0.522222 0.160938 0.322222 0.776924
21 0.416797 0.521528 0.163281 0.320833 0.782487
