18 0.440625 0.543056 0.2 0.286111 0.259117
18 0.445703 0.536806 0.197656 0.309722 0.268354
18 0.445703 0.538889 0.197656 0.308333 0.277235
18 0.439453 0.542361 0.196094 0.284722 0.29965
18 0.436328 0.535417 0.200781 0.281944 0.328682
18 0.438672 0.525 0.192969 0.291667 0.340536
18 0.438672 0.524306 0.194531 0.290278 0.346171
18 0.436328 0.535417 0.197656 0.281944 0.389768
18 0.438672 0.538194 0.199219 0.295833 0.784111
18 0.439063 0.535417 0.2 0.295833 0.788153
18 0.438672 0.536806 0.197656 0.295833 0.807512
18 0.440625 0.543056 0.2 0.286111 0.259117
18 0.445703 0.536806 0.197656 0.309722 0.268354
18 0.445703 0.538889 0.197656 0.308333 0.277235
18 0.439453 0.542361 0.196094 0.284722 0.29965
18 0.436328 0.535417 0.200781 0.281944 0.328682
18 0.438672 0.525 0.192969 0.291667 0.340536
18 0.438672 0.524306 0.194531 0.290278 0.346171
18 0.436328 0.535417 0.197656 0.281944 0.389768
18 0.438672 0.538194 0.199219 0.295833 0.784111
18 0.439063 0.535417 0.2 0.295833 0.788153
18 0.438672 0.536806 0.197656 0.295833 0.807512
18 0.440625 0.543056 0.2 0.286111 0.259117
18 0.445703 0.536806 0.197656 0.309722 0.268354
18 0.445703 0.538889 0.197656 0.308333 0.277235
18 0.439453 0.542361 0.196094 0.284722 0.29965
18 0.436328 0.535417 0.200781 0.281944 0.328682
18 0.438672 0.525 0.192969 0.291667 0.340536
18 0.438672 0.524306 0.194531 0.290278 0.346171
18 0.436328 0.535417 0.197656 0.281944 0.389768
18 0.438672 0.538194 0.199219 0.295833 0.784111
18 0.439063 0.535417 0.2 0.295833 0.788153
18 0.438672 0.536806 0.197656 0.295833 0.807512
