21 0.405078 0.522222 0.111719 0.269444 0.272338
21 0.401953 0.529861 0.113281 0.284722 0.432301
21 0.402734 0.53125 0.113281 0.279167 0.468414
21 0.402344 0.529861 0.115625 0.276389 0.511959
21 0.405078 0.522222 0.111719 0.269444 0.272338
21 0.401953 0.529861 0.113281 0.284722 0.432301
21 0.402734 0.53125 0.113281 0.279167 0.468414
21 0.402344 0.529861 0.115625 0.276389 0.511959
21 0.405078 0.522222 0.111719 0.269444 0.272338
21 0.401953 0.529861 0.113281 0.284722 0.432301
21 0.402734 0.53125 0.113281 0.279167 0.468414
21 0.402344 0.529861 0.115625 0.276389 0.511959
