21 0.417188 0.509028 0.167187 0.343056 0.53013
21 0.419141 0.513889 0.169531 0.347222 0.628786
21 0.416797 0.509028 0.169531 0.340278 0.658765
21 0.417578 0.509028 0.166406 0.343056 0.665917
21 0.41875 0.513194 0.167187 0.343056 0.699634
21 0.41875 0.513194 0.171875 0.343056 0.709209
21 0.418359 0.513194 0.172656 0.345833 0.78044
21 0.418359 0.5125 0.171094 0.344444 0.79377
21 0.417969 0.5125 0.173438 0.341667 0.805057
21 0.417188 0.509028 0.167187 0.343056 0.53013
21 0.419141 0.513889 0.169531 0.347222 0.628786
21 0.416797 0.509028 0.169531 0.340278 0.658765
21 0.417578 0.509028 0.166406 0.343056 0.665917
21 0.41875 0.513194 0.167187 0.343056 0.699634
21 0.41875 0.513194 0.171875 0.343056 0.709209
21 0.418359 0.513194 0.172656 0.345833 0.78044
21 0.418359 0.5125 0.171094 0.344444 0.79377
21 0.417969 0.5125 0.173438 0.341667 0.805057
21 0.417188 0.509028 0.167187 0.343056 0.53013
21 0.419141 0.513889 0.169531 0.347222 0.628786
21 0.416797 0.509028 0.169531 0.340278 0.658765
21 0.417578 0.509028 0.166406 0.343056 0.665917
21 0.41875 0.513194 0.167187 0.343056 0.699634
21 0.41875 0.513194 0.171875 0.343056 0.709209
21 0.418359 0.513194 0.172656 0.345833 0.78044
21 0.418359 0.5125 0.171094 0.344444 0.79377
21 0.417969 0.5125 0.173438 0.341667 0.805057
