66 0.4125 0.544444 0.203125 0.330556 0.258452
66 0.412891 0.545139 0.203906 0.331944 0.259257
66 0.413281 0.535417 0.201562 0.334722 0.625916
66 0.413281 0.534722 0.2 0.336111 0.661791
66 0.413672 0.536806 0.199219 0.345833 0.693991
66 0.413281 0.536111 0.198437 0.344444 0.709651
66 0.413672 0.534722 0.202344 0.338889 0.713952
66 0.413281 0.536111 0.198437 0.344444 0.722176
66 0.4125 0.544444 0.203125 0.330556 0.258452
66 0.412891 0.545139 0.203906 0.331944 0.259257
66 0.413281 0.535417 0.201562 0.334722 0.625916
66 0.413281 0.534722 0.2 0.336111 0.661791
66 0.413672 0.536806 0.199219 0.345833 0.693991
66 0.413281 0.536111 0.198437 0.344444 0.709651
66 0.413672 0.534722 0.202344 0.338889 0.713952
66 0.413281 0.536111 0.198437 0.344444 0.722176
66 0.4125 0.544444 0.203125 0.330556 0.258452
66 0.412891 0.545139 0.203906 0.331944 0.259257
66 0.413281 0.535417 0.201562 0.334722 0.625916
66 0.413281 0.534722 0.2 0.336111 0.661791
66 0.413672 0.536806 0.199219 0.345833 0.693991
66 0.413281 0.536111 0.198437 0.344444 0.709651
66 0.413672 0.534722 0.202344 0.338889 0.713952
66 0.413281 0.536111 0.198437 0.344444 0.722176
