21 0.698828 0.488194 0.219531 0.906944 0.38122
21 0.698047 0.470139 0.232031 0.859722 0.421298
21 0.699219 0.489583 0.221875 0.906944 0.421424
21 0.698438 0.468056 0.226562 0.908333 0.524385
21 0.698047 0.471528 0.230469 0.915278 0.5525
21 0.701172 0.464583 0.232031 0.873611 0.625967
21 0.701563 0.468056 0.23125 0.933333 0.798335
21 0.701172 0.467361 0.225781 0.931944 0.832318
21 0.698828 0.488194 0.219531 0.906944 0.38122
21 0.698047 0.470139 0.232031 0.859722 0.421298
21 0.699219 0.489583 0.221875 0.906944 0.421424
21 0.698438 0.468056 0.226562 0.908333 0.524385
21 0.698047 0.471528 0.230469 0.915278 0.5525
21 0.701172 0.464583 0.232031 0.873611 0.625967
21 0.701563 0.468056 0.23125 0.933333 0.798335
21 0.701172 0.467361 0.225781 0.931944 0.832318
21 0.698828 0.488194 0.219531 0.906944 0.38122
21 0.698047 0.470139 0.232031 0.859722 0.421298
21 0.699219 0.489583 0.221875 0.906944 0.421424
21 0.698438 0.468056 0.226562 0.908333 0.524385
21 0.698047 0.471528 0.230469 0.915278 0.5525
21 0.701172 0.464583 0.232031 0.873611 0.625967
21 0.701563 0.468056 0.23125 0.933333 0.798335
21 0.701172 0.467361 0.225781 0.931944 0.832318
