66 0.402344 0.550694 0.192188 0.340278 0.260611
18 0.407813 0.542361 0.184375 0.329167 0.275347
66 0.401953 0.548611 0.189844 0.330556 0.381999
66 0.402344 0.548611 0.190625 0.333333 0.404858
66 0.402734 0.547222 0.185156 0.347222 0.552543
66 0.402344 0.546528 0.184375 0.343056 0.566868
66 0.402344 0.546528 0.184375 0.345833 0.606821
66 0.402344 0.550694 0.192188 0.340278 0.260611
18 0.407813 0.542361 0.184375 0.329167 0.275347
66 0.401953 0.548611 0.189844 0.330556 0.381999
66 0.402344 0.548611 0.190625 0.333333 0.404858
66 0.402734 0.547222 0.185156 0.347222 0.552543
66 0.402344 0.546528 0.184375 0.343056 0.566868
66 0.402344 0.546528 0.184375 0.345833 0.606821
66 0.402344 0.550694 0.192188 0.340278 0.260611
18 0.407813 0.542361 0.184375 0.329167 0.275347
66 0.401953 0.548611 0.189844 0.330556 0.381999
66 0.402344 0.548611 0.190625 0.333333 0.404858
66 0.402734 0.547222 0.185156 0.347222 0.552543
66 0.402344 0.546528 0.184375 0.343056 0.566868
66 0.402344 0.546528 0.184375 0.345833 0.606821
