18 0.439063 0.502083 0.196875 0.290278 0.770646
18 0.439453 0.504861 0.202344 0.293056 0.772708
18 0.439844 0.503472 0.203125 0.290278 0.800274
18 0.439063 0.500694 0.198437 0.2875 0.808968
18 0.439063 0.501389 0.196875 0.288889 0.816586
18 0.439453 0.504167 0.199219 0.291667 0.820654
18 0.439063 0.502083 0.196875 0.290278 0.770646
18 0.439453 0.504861 0.202344 0.293056 0.772708
18 0.439844 0.503472 0.203125 0.290278 0.800274
18 0.439063 0.500694 0.198437 0.2875 0.808968
18 0.439063 0.501389 0.196875 0.288889 0.816586
18 0.439453 0.504167 0.199219 0.291667 0.820654
18 0.439063 0.502083 0.196875 0.290278 0.770646
18 0.439453 0.504861 0.202344 0.293056 0.772708
18 0.439844 0.503472 0.203125 0.290278 0.800274
18 0.439063 0.500694 0.198437 0.2875 0.808968
18 0.439063 0.501389 0.196875 0.288889 0.816586
18 0.439453 0.504167 0.199219 0.291667 0.820654
