21 0.417969 0.515972 0.157813 0.323611 0.271285
21 0.41875 0.519444 0.1625 0.327778 0.562129
21 0.417188 0.516667 0.159375 0.322222 0.562915
21 0.418359 0.516667 0.158594 0.325 0.592874
21 0.41875 0.519444 0.160938 0.322222 0.652769
21 0.418359 0.51875 0.164844 0.323611 0.656122
21 0.417969 0.520139 0.1625 0.323611 0.734827
21 0.417969 0.520139 0.160938 0.320833 0.747834
21 0.417969 0.520139 0.164062 0.318056 0.754527
21 0.417969 0.515972 0.157813 0.323611 0.271285
21 0.41875 0.519444 0.1625 0.327778 0.562129
21 0.417188 0.516667 0.159375 0.322222 0.562915
21 0.418359 0.516667 0.158594 0.325 0.592874
21 0.41875 0.519444 0.160938 0.322222 0.652769
21 0.418359 0.51875 0.164844 0.323611 0.656122
21 0.417969 0.520139 0.1625 0.323611 0.734827
21 0.417969 0.520139 0.160938 0.320833 0.747834
21 0.417969 0.520139 0.164062 0.318056 0.754527
21 0.417969 0.515972 0.157813 0.323611 0.271285
21 0.41875 0.519444 0.1625 0.327778 0.562129
21 0.417188 0.516667 0.159375 0.322222 0.562915
21 0.418359 0.516667 0.158594 0.325 0.592874
21 0.41875 0.519444 0.160938 0.322222 0.652769
21 0.418359 0.51875 0.164844 0.323611 0.656122
21 0.417969 0.520139 0.1625 0.323611 0.734827
21 0.417969 0.520139 0.160938 0.320833 0.747834
21 0.417969 0.520139 0.164062 0.318056 0.754527
