21 0.399219 0.554167 0.146875 0.338889 0.37982
21 0.399219 0.553472 0.145313 0.334722 0.453829
21 0.398828 0.553472 0.147656 0.331944 0.468066
21 0.401563 0.542361 0.15 0.351389 0.645515
21 0.401563 0.54375 0.151562 0.354167 0.660798
21 0.401172 0.540972 0.152344 0.351389 0.668272
21 0.399219 0.554167 0.146875 0.338889 0.37982
21 0.399219 0.553472 0.145313 0.334722 0.453829
21 0.398828 0.553472 0.147656 0.331944 0.468066
21 0.401563 0.542361 0.15 0.351389 0.645515
21 0.401563 0.54375 0.151562 0.354167 0.660798
21 0.401172 0.540972 0.152344 0.351389 0.668272
21 0.399219 0.554167 0.146875 0.338889 0.37982
21 0.399219 0.553472 0.145313 0.334722 0.453829
21 0.398828 0.553472 0.147656 0.331944 0.468066
21 0.401563 0.542361 0.15 0.351389 0.645515
21 0.401563 0.54375 0.151562 0.354167 0.660798
21 0.401172 0.540972 0.152344 0.351389 0.668272
