66 0.390234 0.553472 0.207031 0.3625 0.254558
66 0.389844 0.552778 0.20625 0.361111 0.358477
66 0.389844 0.553472 0.207813 0.3625 0.378469
66 0.390625 0.555556 0.207813 0.369444 0.436963
66 0.391016 0.55625 0.207031 0.373611 0.440634
66 0.392188 0.563194 0.217187 0.370833 0.445003
66 0.391016 0.555556 0.207031 0.372222 0.465768
66 0.391797 0.561806 0.214844 0.368056 0.50565
66 0.391406 0.561111 0.217187 0.363889 0.510861
66 0.390234 0.553472 0.207031 0.3625 0.254558
66 0.389844 0.552778 0.20625 0.361111 0.358477
66 0.389844 0.553472 0.207813 0.3625 0.378469
66 0.390625 0.555556 0.207813 0.369444 0.436963
66 0.391016 0.55625 0.207031 0.373611 0.440634
66 0.392188 0.563194 0.217187 0.370833 0.445003
66 0.391016 0.555556 0.207031 0.372222 0.465768
66 0.391797 0.561806 0.214844 0.368056 0.50565
66 0.391406 0.561111 0.217187 0.363889 0.510861
66 0.390234 0.553472 0.207031 0.3625 0.254558
66 0.389844 0.552778 0.20625 0.361111 0.358477
66 0.389844 0.553472 0.207813 0.3625 0.378469
66 0.390625 0.555556 0.207813 0.369444 0.436963
66 0.391016 0.55625 0.207031 0.373611 0.440634
66 0.392188 0.563194 0.217187 0.370833 0.445003
66 0.391016 0.555556 0.207031 0.372222 0.465768
66 0.391797 0.561806 0.214844 0.368056 0.50565
66 0.391406 0.561111 0.217187 0.363889 0.510861
