66 0.417969 0.541667 0.25625 0.352778 0.258109
66 0.41875 0.547917 0.257812 0.368056 0.338445
66 0.419141 0.547917 0.260156 0.373611 0.373961
66 0.41875 0.547917 0.259375 0.368056 0.404017
66 0.417969 0.541667 0.25625 0.352778 0.258109
66 0.41875 0.547917 0.257812 0.368056 0.338445
66 0.419141 0.547917 0.260156 0.373611 0.373961
66 0.41875 0.547917 0.259375 0.368056 0.404017
66 0.417969 0.541667 0.25625 0.352778 0.258109
66 0.41875 0.547917 0.257812 0.368056 0.338445
66 0.419141 0.547917 0.260156 0.373611 0.373961
66 0.41875 0.547917 0.259375 0.368056 0.404017
