66 0.407422 0.521528 0.178906 0.329167 0.345942
66 0.407422 0.522222 0.178906 0.327778 0.474456
66 0.407813 0.522222 0.179688 0.327778 0.495084
66 0.409766 0.527083 0.183594 0.323611 0.558498
66 0.409375 0.526389 0.18125 0.322222 0.637133
66 0.409766 0.527083 0.183594 0.323611 0.69049
66 0.408203 0.526389 0.180469 0.330556 0.779985
66 0.407813 0.527083 0.179688 0.329167 0.788289
66 0.407813 0.526389 0.179688 0.327778 0.804326
66 0.407422 0.521528 0.178906 0.329167 0.345942
66 0.407422 0.522222 0.178906 0.327778 0.474456
66 0.407813 0.522222 0.179688 0.327778 0.495084
66 0.409766 0.527083 0.183594 0.323611 0.558498
66 0.409375 0.526389 0.18125 0.322222 0.637133
66 0.409766 0.527083 0.183594 0.323611 0.69049
66 0.408203 0.526389 0.180469 0.330556 0.779985
66 0.407813 0.527083 0.179688 0.329167 0.788289
66 0.407813 0.526389 0.179688 0.327778 0.804326
66 0.407422 0.521528 0.178906 0.329167 0.345942
66 0.407422 0.522222 0.178906 0.327778 0.474456
66 0.407813 0.522222 0.179688 0.327778 0.495084
66 0.409766 0.527083 0.183594 0.323611 0.558498
66 0.409375 0.526389 0.18125 0.322222 0.637133
66 0.409766 0.527083 0.183594 0.323611 0.69049
66 0.408203 0.526389 0.180469 0.330556 0.779985
66 0.407813 0.527083 0.179688 0.329167 0.788289
66 0.407813 0.526389 0.179688 0.327778 0.804326
