21 0.353906 0.559722 0.171875 0.341667 0.32554
21 0.353516 0.559722 0.169531 0.341667 0.341909
21 0.355859 0.563194 0.175781 0.343056 0.545191
21 0.355859 0.563194 0.174219 0.351389 0.548759
21 0.35625 0.563889 0.171875 0.344444 0.550744
21 0.355859 0.563889 0.169531 0.352778 0.693803
21 0.355469 0.563194 0.167187 0.345833 0.709128
21 0.355859 0.5625 0.171094 0.344444 0.72295
21 0.353906 0.559722 0.171875 0.341667 0.32554
21 0.353516 0.559722 0.169531 0.341667 0.341909
21 0.355859 0.563194 0.175781 0.343056 0.545191
21 0.355859 0.563194 0.174219 0.351389 0.548759
21 0.35625 0.563889 0.171875 0.344444 0.550744
21 0.355859 0.563889 0.169531 0.352778 0.693803
21 0.355469 0.563194 0.167187 0.345833 0.709128
21 0.355859 0.5625 0.171094 0.344444 0.72295
21 0.353906 0.559722 0.171875 0.341667 0.32554
21 0.353516 0.559722 0.169531 0.341667 0.341909
21 0.355859 0.563194 0.175781 0.343056 0.545191
21 0.355859 0.563194 0.174219 0.351389 0.548759
21 0.35625 0.563889 0.171875 0.344444 0.550744
21 0.355859 0.563889 0.169531 0.352778 0.693803
21 0.355469 0.563194 0.167187 0.345833 0.709128
21 0.355859 0.5625 0.171094 0.344444 0.72295
