66 0.396875 0.546528 0.184375 0.340278 0.262924
66 0.397266 0.552083 0.189844 0.343056 0.28857
66 0.396875 0.546528 0.184375 0.334722 0.397808
66 0.396484 0.546528 0.185156 0.3375 0.408569
66 0.397266 0.55 0.186719 0.333333 0.462741
66 0.397266 0.55 0.186719 0.330556 0.467747
66 0.396875 0.547917 0.182812 0.340278 0.618082
66 0.396875 0.548611 0.182812 0.344444 0.633717
66 0.396875 0.547917 0.182812 0.343056 0.646035
66 0.396875 0.546528 0.184375 0.340278 0.262924
66 0.397266 0.552083 0.189844 0.343056 0.28857
66 0.396875 0.546528 0.184375 0.334722 0.397808
66 0.396484 0.546528 0.185156 0.3375 0.408569
66 0.397266 0.55 0.186719 0.333333 0.462741
66 0.397266 0.55 0.186719 0.330556 0.467747
66 0.396875 0.547917 0.182812 0.340278 0.618082
66 0.396875 0.548611 0.182812 0.344444 0.633717
66 0.396875 0.547917 0.182812 0.343056 0.646035
66 0.396875 0.546528 0.184375 0.340278 0.262924
66 0.397266 0.552083 0.189844 0.343056 0.28857
66 0.396875 0.546528 0.184375 0.334722 0.397808
66 0.396484 0.546528 0.185156 0.3375 0.408569
66 0.397266 0.55 0.186719 0.333333 0.462741
66 0.397266 0.55 0.186719 0.330556 0.467747
66 0.396875 0.547917 0.182812 0.340278 0.618082
66 0.396875 0.548611 0.182812 0.344444 0.633717
66 0.396875 0.547917 0.182812 0.343056 0.646035
