18 0.436328 0.525694 0.202344 0.281944 0.356602
18 0.436328 0.525694 0.199219 0.281944 0.394754
18 0.438281 0.520139 0.192188 0.2875 0.416726
18 0.437891 0.520833 0.192969 0.286111 0.522799
18 0.438281 0.520139 0.19375 0.284722 0.534041
18 0.438281 0.527083 0.198437 0.290278 0.748491
18 0.438281 0.525694 0.2 0.2875 0.751157
18 0.438281 0.526389 0.196875 0.288889 0.76546
18 0.436328 0.525694 0.202344 0.281944 0.356602
18 0.436328 0.525694 0.199219 0.281944 0.394754
18 0.438281 0.520139 0.192188 0.2875 0.416726
18 0.437891 0.520833 0.192969 0.286111 0.522799
18 0.438281 0.520139 0.19375 0.284722 0.534041
18 0.438281 0.527083 0.198437 0.290278 0.748491
18 0.438281 0.525694 0.2 0.2875 0.751157
18 0.438281 0.526389 0.196875 0.288889 0.76546
18 0.436328 0.525694 0.202344 0.281944 0.356602
18 0.436328 0.525694 0.199219 0.281944 0.394754
18 0.438281 0.520139 0.192188 0.2875 0.416726
18 0.437891 0.520833 0.192969 0.286111 0.522799
18 0.438281 0.520139 0.19375 0.284722 0.534041
18 0.438281 0.527083 0.198437 0.290278 0.748491
18 0.438281 0.525694 0.2 0.2875 0.751157
18 0.438281 0.526389 0.196875 0.288889 0.76546
