66 0.415234 0.55 0.239844 0.358333 0.341992
66 0.416016 0.55 0.238281 0.361111 0.346266
66 0.417578 0.540972 0.230469 0.356944 0.538132
66 0.417969 0.541667 0.232812 0.358333 0.554307
66 0.417969 0.540972 0.232812 0.359722 0.567947
66 0.41875 0.54375 0.229687 0.370833 0.612249
66 0.41875 0.54375 0.23125 0.370833 0.6134
66 0.41875 0.54375 0.229687 0.370833 0.643204
66 0.415234 0.55 0.239844 0.358333 0.341992
66 0.416016 0.55 0.238281 0.361111 0.346266
66 0.417578 0.540972 0.230469 0.356944 0.538132
66 0.417969 0.541667 0.232812 0.358333 0.554307
66 0.417969 0.540972 0.232812 0.359722 0.567947
66 0.41875 0.54375 0.229687 0.370833 0.612249
66 0.41875 0.54375 0.23125 0.370833 0.6134
66 0.41875 0.54375 0.229687 0.370833 0.643204
66 0.415234 0.55 0.239844 0.358333 0.341992
66 0.416016 0.55 0.238281 0.361111 0.346266
66 0.417578 0.540972 0.230469 0.356944 0.538132
66 0.417969 0.541667 0.232812 0.358333 0.554307
66 0.417969 0.540972 0.232812 0.359722 0.567947
66 0.41875 0.54375 0.229687 0.370833 0.612249
66 0.41875 0.54375 0.23125 0.370833 0.6134
66 0.41875 0.54375 0.229687 0.370833 0.643204
