21 0.409375 0.536806 0.160938 0.368056 0.255844
21 0.401563 0.558333 0.14375 0.327778 0.466692
21 0.401563 0.558333 0.142188 0.325 0.524112
21 0.401172 0.558333 0.144531 0.322222 0.529998
21 0.403516 0.547917 0.147656 0.343056 0.692077
21 0.403906 0.547222 0.146875 0.341667 0.698176
21 0.403516 0.545833 0.149219 0.341667 0.706173
21 0.409375 0.536806 0.160938 0.368056 0.255844
21 0.401563 0.558333 0.14375 0.327778 0.466692
21 0.401563 0.558333 0.142188 0.325 0.524112
21 0.401172 0.558333 0.144531 0.322222 0.529998
21 0.403516 0.547917 0.147656 0.343056 0.692077
21 0.403906 0.547222 0.146875 0.341667 0.698176
21 0.403516 0.545833 0.149219 0.341667 0.706173
21 0.409375 0.536806 0.160938 0.368056 0.255844
21 0.401563 0.558333 0.14375 0.327778 0.466692
21 0.401563 0.558333 0.142188 0.325 0.524112
21 0.401172 0.558333 0.144531 0.322222 0.529998
21 0.403516 0.547917 0.147656 0.343056 0.692077
21 0.403906 0.547222 0.146875 0.341667 0.698176
21 0.403516 0.545833 0.149219 0.341667 0.706173
