21 0.392578 0.485417 0.102344 0.281944 0.273107
21 0.394141 0.4875 0.100781 0.275 0.381197
21 0.394922 0.482639 0.103906 0.2625 0.441628
21 0.394531 0.482639 0.104687 0.2625 0.454883
21 0.394531 0.4875 0.103125 0.272222 0.482188
21 0.394141 0.4875 0.102344 0.272222 0.490255
21 0.392578 0.485417 0.102344 0.281944 0.273107
21 0.394141 0.4875 0.100781 0.275 0.381197
21 0.394922 0.482639 0.103906 0.2625 0.441628
21 0.394531 0.482639 0.104687 0.2625 0.454883
21 0.394531 0.4875 0.103125 0.272222 0.482188
21 0.394141 0.4875 0.102344 0.272222 0.490255
21 0.392578 0.485417 0.102344 0.281944 0.273107
21 0.394141 0.4875 0.100781 0.275 0.381197
21 0.394922 0.482639 0.103906 0.2625 0.441628
21 0.394531 0.482639 0.104687 0.2625 0.454883
21 0.394531 0.4875 0.103125 0.272222 0.482188
21 0.394141 0.4875 0.102344 0.272222 0.490255
