21 0.416406 0.523611 0.159375 0.344444 0.340801
21 0.416797 0.523611 0.157031 0.344444 0.373002
21 0.417969 0.529861 0.159375 0.351389 0.636464
21 0.418359 0.529167 0.157031 0.347222 0.668987
21 0.417969 0.528472 0.160938 0.345833 0.680523
21 0.417578 0.53125 0.158594 0.343056 0.75873
21 0.417578 0.530556 0.158594 0.341667 0.771945
21 0.417188 0.529861 0.159375 0.340278 0.779189
21 0.416406 0.523611 0.159375 0.344444 0.340801
21 0.416797 0.523611 0.157031 0.344444 0.373002
21 0.417969 0.529861 0.159375 0.351389 0.636464
21 0.418359 0.529167 0.157031 0.347222 0.668987
21 0.417969 0.528472 0.160938 0.345833 0.680523
21 0.417578 0.53125 0.158594 0.343056 0.75873
21 0.417578 0.530556 0.158594 0.341667 0.771945
21 0.417188 0.529861 0.159375 0.340278 0.779189
21 0.416406 0.523611 0.159375 0.344444 0.340801
21 0.416797 0.523611 0.157031 0.344444 0.373002
21 0.417969 0.529861 0.159375 0.351389 0.636464
21 0.418359 0.529167 0.157031 0.347222 0.668987
21 0.417969 0.528472 0.160938 0.345833 0.680523
21 0.417578 0.53125 0.158594 0.343056 0.75873
21 0.417578 0.530556 0.158594 0.341667 0.771945
21 0.417188 0.529861 0.159375 0.340278 0.779189
