66 0.409375 0.522917 0.184375 0.329167 0.293965
66 0.408984 0.522917 0.185156 0.329167 0.305142
18 0.410547 0.531944 0.188281 0.325 0.326698
18 0.410156 0.53125 0.185937 0.326389 0.403
66 0.410547 0.531944 0.189844 0.327778 0.449972
66 0.409766 0.531944 0.186719 0.336111 0.665578
66 0.408984 0.532639 0.185156 0.334722 0.694729
66 0.409375 0.53125 0.185937 0.334722 0.724451
66 0.409375 0.522917 0.184375 0.329167 0.293965
66 0.408984 0.522917 0.185156 0.329167 0.305142
18 0.410547 0.531944 0.188281 0.325 0.326698
18 0.410156 0.53125 0.185937 0.326389 0.403
66 0.410547 0.531944 0.189844 0.327778 0.449972
66 0.409766 0.531944 0.186719 0.336111 0.665578
66 0.408984 0.532639 0.185156 0.334722 0.694729
66 0.409375 0.53125 0.185937 0.334722 0.724451
66 0.409375 0.522917 0.184375 0.329167 0.293965
66 0.408984 0.522917 0.185156 0.329167 0.305142
18 0.410547 0.531944 0.188281 0.325 0.326698
18 0.410156 0.53125 0.185937 0.326389 0.403
66 0.410547 0.531944 0.189844 0.327778 0.449972
66 0.409766 0.531944 0.186719 0.336111 0.665578
66 0.408984 0.532639 0.185156 0.334722 0.694729
66 0.409375 0.53125 0.185937 0.334722 0.724451
