66 0.392578 0.554861 0.208594 0.356944 0.39935
66 0.391406 0.547222 0.201562 0.35 0.421521
66 0.391406 0.546528 0.2 0.345833 0.528403
66 0.392969 0.553472 0.20625 0.351389 0.536168
66 0.392188 0.552778 0.207813 0.35 0.540867
66 0.391406 0.546528 0.201562 0.345833 0.549797
66 0.391406 0.549306 0.201562 0.354167 0.594726
66 0.391406 0.550694 0.201562 0.356944 0.627166
66 0.391797 0.549306 0.200781 0.356944 0.635969
66 0.392578 0.554861 0.208594 0.356944 0.39935
66 0.391406 0.547222 0.201562 0.35 0.421521
66 0.391406 0.546528 0.2 0.345833 0.528403
66 0.392969 0.553472 0.20625 0.351389 0.536168
66 0.392188 0.552778 0.207813 0.35 0.540867
66 0.391406 0.546528 0.201562 0.345833 0.549797
66 0.391406 0.549306 0.201562 0.354167 0.594726
66 0.391406 0.550694 0.201562 0.356944 0.627166
66 0.391797 0.549306 0.200781 0.356944 0.635969
66 0.392578 0.554861 0.208594 0.356944 0.39935
66 0.391406 0.547222 0.201562 0.35 0.421521
66 0.391406 0.546528 0.2 0.345833 0.528403
66 0.392969 0.553472 0.20625 0.351389 0.536168
66 0.392188 0.552778 0.207813 0.35 0.540867
66 0.391406 0.546528 0.201562 0.345833 0.549797
66 0.391406 0.549306 0.201562 0.354167 0.594726
66 0.391406 0.550694 0.201562 0.356944 0.627166
66 0.391797 0.549306 0.200781 0.356944 0.635969
