21 0.417188 0.511806 0.167187 0.345833 0.385001
21 0.417969 0.516667 0.16875 0.35 0.528601
21 0.416797 0.511806 0.167969 0.343056 0.585376
21 0.417578 0.511806 0.166406 0.345833 0.603204
21 0.417969 0.516667 0.167187 0.344444 0.621547
21 0.417969 0.515972 0.170312 0.345833 0.642702
21 0.417969 0.515972 0.170312 0.345833 0.732717
21 0.417969 0.516667 0.16875 0.344444 0.745891
21 0.417188 0.515278 0.171875 0.341667 0.756843
21 0.417188 0.511806 0.167187 0.345833 0.385001
21 0.417969 0.516667 0.16875 0.35 0.528601
21 0.416797 0.511806 0.167969 0.343056 0.585376
21 0.417578 0.511806 0.166406 0.345833 0.603204
21 0.417969 0.516667 0.167187 0.344444 0.621547
21 0.417969 0.515972 0.170312 0.345833 0.642702
21 0.417969 0.515972 0.170312 0.345833 0.732717
21 0.417969 0.516667 0.16875 0.344444 0.745891
21 0.417188 0.515278 0.171875 0.341667 0.756843
21 0.417188 0.511806 0.167187 0.345833 0.385001
21 0.417969 0.516667 0.16875 0.35 0.528601
21 0.416797 0.511806 0.167969 0.343056 0.585376
21 0.417578 0.511806 0.166406 0.345833 0.603204
21 0.417969 0.516667 0.167187 0.344444 0.621547
21 0.417969 0.515972 0.170312 0.345833 0.642702
21 0.417969 0.515972 0.170312 0.345833 0.732717
21 0.417969 0.516667 0.16875 0.344444 0.745891
21 0.417188 0.515278 0.171875 0.341667 0.756843
