66 0.413281 0.560417 0.309375 0.398611 0.26797
66 0.407422 0.568056 0.324219 0.397222 0.270298
2 0.413672 0.545139 0.322656 0.379167 0.307722
66 0.412891 0.560417 0.310156 0.395833 0.3232
66 0.407422 0.565972 0.322656 0.390278 0.32426
66 0.413281 0.560417 0.309375 0.398611 0.26797
66 0.407422 0.568056 0.324219 0.397222 0.270298
2 0.413672 0.545139 0.322656 0.379167 0.307722
66 0.412891 0.560417 0.310156 0.395833 0.3232
66 0.407422 0.565972 0.322656 0.390278 0.32426
66 0.413281 0.560417 0.309375 0.398611 0.26797
66 0.407422 0.568056 0.324219 0.397222 0.270298
2 0.413672 0.545139 0.322656 0.379167 0.307722
66 0.412891 0.560417 0.310156 0.395833 0.3232
66 0.407422 0.565972 0.322656 0.390278 0.32426
