18 0.447656 0.515278 0.204688 0.305556 0.311369
18 0.446875 0.49375 0.2 0.295833 0.328565
18 0.447656 0.515972 0.203125 0.304167 0.340452
18 0.446875 0.49375 0.2 0.293056 0.344895
18 0.442578 0.504861 0.199219 0.293056 0.752131
18 0.443359 0.508333 0.207031 0.294444 0.785973
18 0.442578 0.503472 0.200781 0.290278 0.797501
18 0.442578 0.504167 0.199219 0.291667 0.808407
18 0.443359 0.506944 0.207031 0.291667 0.815274
18 0.442969 0.506944 0.204688 0.294444 0.833775
18 0.447656 0.515278 0.204688 0.305556 0.311369
18 0.446875 0.49375 0.2 0.295833 0.328565
18 0.447656 0.515972 0.203125 0.304167 0.340452
18 0.446875 0.49375 0.2 0.293056 0.344895
18 0.442578 0.504861 0.199219 0.293056 0.752131
18 0.443359 0.508333 0.207031 0.294444 0.785973
18 0.442578 0.503472 0.200781 0.290278 0.797501
18 0.442578 0.504167 0.199219 0.291667 0.808407
18 0.443359 0.506944 0.207031 0.291667 0.815274
18 0.442969 0.506944 0.204688 0.294444 0.833775
18 0.447656 0.515278 0.204688 0.305556 0.311369
18 0.446875 0.49375 0.2 0.295833 0.328565
18 0.447656 0.515972 0.203125 0.304167 0.340452
18 0.446875 0.49375 0.2 0.293056 0.344895
18 0.442578 0.504861 0.199219 0.293056 0.752131
18 0.443359 0.508333 0.207031 0.294444 0.785973
18 0.442578 0.503472 0.200781 0.290278 0.797501
18 0.442578 0.504167 0.199219 0.291667 0.808407
18 0.443359 0.506944 0.207031 0.291667 0.815274
18 0.442969 0.506944 0.204688 0.294444 0.833775
