21 0.415234 0.524306 0.160156 0.348611 0.274781
21 0.415234 0.524306 0.157031 0.348611 0.28689
21 0.416797 0.532639 0.160156 0.356944 0.532646
21 0.416797 0.531944 0.158594 0.35 0.593152
21 0.416797 0.53125 0.161719 0.351389 0.615238
21 0.416406 0.534028 0.159375 0.345833 0.713112
21 0.416797 0.533333 0.158594 0.344444 0.727123
21 0.416406 0.532639 0.160938 0.343056 0.73699
21 0.415234 0.524306 0.160156 0.348611 0.274781
21 0.415234 0.524306 0.157031 0.348611 0.28689
21 0.416797 0.532639 0.160156 0.356944 0.532646
21 0.416797 0.531944 0.158594 0.35 0.593152
21 0.416797 0.53125 0.161719 0.351389 0.615238
21 0.416406 0.534028 0.159375 0.345833 0.713112
21 0.416797 0.533333 0.158594 0.344444 0.727123
21 0.416406 0.532639 0.160938 0.343056 0.73699
21 0.415234 0.524306 0.160156 0.348611 0.274781
21 0.415234 0.524306 0.157031 0.348611 0.28689
21 0.416797 0.532639 0.160156 0.356944 0.532646
21 0.416797 0.531944 0.158594 0.35 0.593152
21 0.416797 0.53125 0.161719 0.351389 0.615238
21 0.416406 0.534028 0.159375 0.345833 0.713112
21 0.416797 0.533333 0.158594 0.344444 0.727123
21 0.416406 0.532639 0.160938 0.343056 0.73699
