66 0.403906 0.547917 0.190625 0.329167 0.330262
18 0.408203 0.541667 0.186719 0.327778 0.349048
66 0.403906 0.548611 0.192188 0.330556 0.359797
18 0.408203 0.541667 0.188281 0.330556 0.402961
18 0.408203 0.541667 0.185156 0.327778 0.448524
66 0.404687 0.545833 0.185937 0.344444 0.509987
66 0.403906 0.544444 0.185937 0.341667 0.532479
66 0.404297 0.544444 0.186719 0.344444 0.589425
66 0.403906 0.547917 0.190625 0.329167 0.330262
18 0.408203 0.541667 0.186719 0.327778 0.349048
66 0.403906 0.548611 0.192188 0.330556 0.359797
18 0.408203 0.541667 0.188281 0.330556 0.402961
18 0.408203 0.541667 0.185156 0.327778 0.448524
66 0.404687 0.545833 0.185937 0.344444 0.509987
66 0.403906 0.544444 0.185937 0.341667 0.532479
66 0.404297 0.544444 0.186719 0.344444 0.589425
66 0.403906 0.547917 0.190625 0.329167 0.330262
18 0.408203 0.541667 0.186719 0.327778 0.349048
66 0.403906 0.548611 0.192188 0.330556 0.359797
18 0.408203 0.541667 0.188281 0.330556 0.402961
18 0.408203 0.541667 0.185156 0.327778 0.448524
66 0.404687 0.545833 0.185937 0.344444 0.509987
66 0.403906 0.544444 0.185937 0.341667 0.532479
66 0.404297 0.544444 0.186719 0.344444 0.589425
