21 0.612891 0.327778 0.150781 0.655556 0.266563
2 0.432422 0.538889 0.461719 0.386111 0.285859
21 0.618359 0.331944 0.157031 0.663889 0.38454
21 0.61875 0.327778 0.154687 0.655556 0.393513
21 0.617969 0.327083 0.159375 0.654167 0.429527
21 0.612891 0.327778 0.150781 0.655556 0.266563
2 0.432422 0.538889 0.461719 0.386111 0.285859
21 0.618359 0.331944 0.157031 0.663889 0.38454
21 0.61875 0.327778 0.154687 0.655556 0.393513
21 0.617969 0.327083 0.159375 0.654167 0.429527
21 0.612891 0.327778 0.150781 0.655556 0.266563
2 0.432422 0.538889 0.461719 0.386111 0.285859
21 0.618359 0.331944 0.157031 0.663889 0.38454
21 0.61875 0.327778 0.154687 0.655556 0.393513
21 0.617969 0.327083 0.159375 0.654167 0.429527
