21 0.416797 0.50625 0.183594 0.401389 0.307444
21 0.416797 0.50625 0.189844 0.398611 0.312864
21 0.416406 0.495833 0.1875 0.405556 0.370294
21 0.416016 0.496528 0.183594 0.395833 0.469659
21 0.416406 0.496528 0.190625 0.398611 0.490824
21 0.416016 0.5 0.183594 0.405556 0.725349
21 0.415625 0.496528 0.182812 0.401389 0.737763
21 0.415625 0.5 0.18125 0.4 0.758378
21 0.415234 0.499306 0.185156 0.395833 0.76737
21 0.415625 0.496528 0.18125 0.398611 0.773677
21 0.415234 0.495833 0.185156 0.397222 0.780677
21 0.416797 0.50625 0.183594 0.401389 0.307444
21 0.416797 0.50625 0.189844 0.398611 0.312864
21 0.416406 0.495833 0.1875 0.405556 0.370294
21 0.416016 0.496528 0.183594 0.395833 0.469659
21 0.416406 0.496528 0.190625 0.398611 0.490824
21 0.416016 0.5 0.183594 0.405556 0.725349
21 0.415625 0.496528 0.182812 0.401389 0.737763
21 0.415625 0.5 0.18125 0.4 0.758378
21 0.415234 0.499306 0.185156 0.395833 0.76737
21 0.415625 0.496528 0.18125 0.398611 0.773677
21 0.415234 0.495833 0.185156 0.397222 0.780677
21 0.416797 0.50625 0.183594 0.401389 0.307444
21 0.416797 0.50625 0.189844 0.398611 0.312864
21 0.416406 0.495833 0.1875 0.405556 0.370294
21 0.416016 0.496528 0.183594 0.395833 0.469659
21 0.416406 0.496528 0.190625 0.398611 0.490824
21 0.416016 0.5 0.183594 0.405556 0.725349
21 0.415625 0.496528 0.182812 0.401389 0.737763
21 0.415625 0.5 0.18125 0.4 0.758378
21 0.415234 0.499306 0.185156 0.395833 0.76737
21 0.415625 0.496528 0.18125 0.398611 0.773677
21 0.415234 0.495833 0.185156 0.397222 0.780677
