66 0.409766 0.522917 0.182031 0.329167 0.275607
66 0.409766 0.522917 0.182031 0.329167 0.440913
66 0.409375 0.522917 0.182812 0.326389 0.455578
66 0.410937 0.528472 0.185937 0.323611 0.668335
66 0.410547 0.528472 0.183594 0.323611 0.710468
66 0.410937 0.529167 0.185937 0.325 0.753021
66 0.410156 0.529167 0.184375 0.330556 0.777836
66 0.409766 0.529167 0.183594 0.330556 0.788612
66 0.410156 0.529167 0.182812 0.330556 0.802092
66 0.409766 0.522917 0.182031 0.329167 0.275607
66 0.409766 0.522917 0.182031 0.329167 0.440913
66 0.409375 0.522917 0.182812 0.326389 0.455578
66 0.410937 0.528472 0.185937 0.323611 0.668335
66 0.410547 0.528472 0.183594 0.323611 0.710468
66 0.410937 0.529167 0.185937 0.325 0.753021
66 0.410156 0.529167 0.184375 0.330556 0.777836
66 0.409766 0.529167 0.183594 0.330556 0.788612
66 0.410156 0.529167 0.182812 0.330556 0.802092
66 0.409766 0.522917 0.182031 0.329167 0.275607
66 0.409766 0.522917 0.182031 0.329167 0.440913
66 0.409375 0.522917 0.182812 0.326389 0.455578
66 0.410937 0.528472 0.185937 0.323611 0.668335
66 0.410547 0.528472 0.183594 0.323611 0.710468
66 0.410937 0.529167 0.185937 0.325 0.753021
66 0.410156 0.529167 0.184375 0.330556 0.777836
66 0.409766 0.529167 0.183594 0.330556 0.788612
66 0.410156 0.529167 0.182812 0.330556 0.802092
