68 0.416016 0.109722 0.160156 0.219444 0.27044
68 0.413672 0.113194 0.163281 0.226389 0.295831
68 0.413672 0.110417 0.164844 0.220833 0.389309
68 0.414062 0.109028 0.160938 0.218056 0.394564
68 0.416016 0.109722 0.160156 0.219444 0.27044
68 0.413672 0.113194 0.163281 0.226389 0.295831
68 0.413672 0.110417 0.164844 0.220833 0.389309
68 0.414062 0.109028 0.160938 0.218056 0.394564
68 0.416016 0.109722 0.160156 0.219444 0.27044
68 0.413672 0.113194 0.163281 0.226389 0.295831
68 0.413672 0.110417 0.164844 0.220833 0.389309
68 0.414062 0.109028 0.160938 0.218056 0.394564
