21 0.369141 0.486111 0.0976562 0.258333 0.282385
21 0.369531 0.491667 0.096875 0.275 0.313149
21 0.369141 0.491667 0.0976562 0.275 0.360991
21 0.369141 0.484722 0.0976562 0.25 0.388913
21 0.369141 0.484028 0.0976562 0.251389 0.39812
21 0.369922 0.491667 0.0976562 0.272222 0.407696
21 0.369141 0.486111 0.0976562 0.258333 0.282385
21 0.369531 0.491667 0.096875 0.275 0.313149
21 0.369141 0.491667 0.0976562 0.275 0.360991
21 0.369141 0.484722 0.0976562 0.25 0.388913
21 0.369141 0.484028 0.0976562 0.251389 0.39812
21 0.369922 0.491667 0.0976562 0.272222 0.407696
21 0.369141 0.486111 0.0976562 0.258333 0.282385
21 0.369531 0.491667 0.096875 0.275 0.313149
21 0.369141 0.491667 0.0976562 0.275 0.360991
21 0.369141 0.484722 0.0976562 0.25 0.388913
21 0.369141 0.484028 0.0976562 0.251389 0.39812
21 0.369922 0.491667 0.0976562 0.272222 0.407696
