21 0.616016 0.333333 0.147656 0.666667 0.278146
2 0.430469 0.534028 0.482812 0.376389 0.359444
21 0.616016 0.332639 0.149219 0.665278 0.372699
21 0.616016 0.33125 0.150781 0.6625 0.389167
21 0.619531 0.334028 0.153125 0.668056 0.479668
21 0.620313 0.330556 0.151562 0.661111 0.492706
21 0.619531 0.329167 0.15625 0.658333 0.521989
21 0.616016 0.333333 0.147656 0.666667 0.278146
2 0.430469 0.534028 0.482812 0.376389 0.359444
21 0.616016 0.332639 0.149219 0.665278 0.372699
21 0.616016 0.33125 0.150781 0.6625 0.389167
21 0.619531 0.334028 0.153125 0.668056 0.479668
21 0.620313 0.330556 0.151562 0.661111 0.492706
21 0.619531 0.329167 0.15625 0.658333 0.521989
21 0.616016 0.333333 0.147656 0.666667 0.278146
2 0.430469 0.534028 0.482812 0.376389 0.359444
21 0.616016 0.332639 0.149219 0.665278 0.372699
21 0.616016 0.33125 0.150781 0.6625 0.389167
21 0.619531 0.334028 0.153125 0.668056 0.479668
21 0.620313 0.330556 0.151562 0.661111 0.492706
21 0.619531 0.329167 0.15625 0.658333 0.521989
