66 0.408203 0.522917 0.180469 0.331944 0.294273
66 0.408203 0.522917 0.180469 0.331944 0.445636
66 0.408203 0.522917 0.180469 0.329167 0.465608
66 0.410156 0.529167 0.184375 0.327778 0.639356
66 0.409766 0.529167 0.182031 0.327778 0.698724
66 0.410156 0.529861 0.184375 0.329167 0.739037
66 0.408594 0.529167 0.18125 0.336111 0.789652
66 0.408203 0.529167 0.180469 0.333333 0.795452
66 0.408203 0.529167 0.180469 0.333333 0.810154
66 0.408203 0.522917 0.180469 0.331944 0.294273
66 0.408203 0.522917 0.180469 0.331944 0.445636
66 0.408203 0.522917 0.180469 0.329167 0.465608
66 0.410156 0.529167 0.184375 0.327778 0.639356
66 0.409766 0.529167 0.182031 0.327778 0.698724
66 0.410156 0.529861 0.184375 0.329167 0.739037
66 0.408594 0.529167 0.18125 0.336111 0.789652
66 0.408203 0.529167 0.180469 0.333333 0.795452
66 0.408203 0.529167 0.180469 0.333333 0.810154
66 0.408203 0.522917 0.180469 0.331944 0.294273
66 0.408203 0.522917 0.180469 0.331944 0.445636
66 0.408203 0.522917 0.180469 0.329167 0.465608
66 0.410156 0.529167 0.184375 0.327778 0.639356
66 0.409766 0.529167 0.182031 0.327778 0.698724
66 0.410156 0.529861 0.184375 0.329167 0.739037
66 0.408594 0.529167 0.18125 0.336111 0.789652
66 0.408203 0.529167 0.180469 0.333333 0.795452
66 0.408203 0.529167 0.180469 0.333333 0.810154
