21 0.420703 0.504861 0.172656 0.356944 0.254085
21 0.419141 0.510417 0.172656 0.3625 0.573909
21 0.417188 0.505556 0.170312 0.355556 0.673377
21 0.41875 0.510417 0.170312 0.359722 0.691234
21 0.419141 0.509722 0.174219 0.358333 0.697248
21 0.416797 0.504861 0.172656 0.354167 0.748525
21 0.417578 0.505556 0.169531 0.355556 0.753686
21 0.41875 0.507639 0.175 0.3625 0.800964
21 0.41875 0.506944 0.173438 0.363889 0.809347
21 0.417969 0.506944 0.176563 0.361111 0.819491
21 0.420703 0.504861 0.172656 0.356944 0.254085
21 0.419141 0.510417 0.172656 0.3625 0.573909
21 0.417188 0.505556 0.170312 0.355556 0.673377
21 0.41875 0.510417 0.170312 0.359722 0.691234
21 0.419141 0.509722 0.174219 0.358333 0.697248
21 0.416797 0.504861 0.172656 0.354167 0.748525
21 0.417578 0.505556 0.169531 0.355556 0.753686
21 0.41875 0.507639 0.175 0.3625 0.800964
21 0.41875 0.506944 0.173438 0.363889 0.809347
21 0.417969 0.506944 0.176563 0.361111 0.819491
21 0.420703 0.504861 0.172656 0.356944 0.254085
21 0.419141 0.510417 0.172656 0.3625 0.573909
21 0.417188 0.505556 0.170312 0.355556 0.673377
21 0.41875 0.510417 0.170312 0.359722 0.691234
21 0.419141 0.509722 0.174219 0.358333 0.697248
21 0.416797 0.504861 0.172656 0.354167 0.748525
21 0.417578 0.505556 0.169531 0.355556 0.753686
21 0.41875 0.507639 0.175 0.3625 0.800964
21 0.41875 0.506944 0.173438 0.363889 0.809347
21 0.417969 0.506944 0.176563 0.361111 0.819491
