66 0.413672 0.55 0.246094 0.355556 0.260216
66 0.414062 0.55 0.245312 0.358333 0.268299
66 0.417578 0.538889 0.235156 0.355556 0.449314
66 0.417578 0.539583 0.238281 0.356944 0.464034
66 0.417578 0.539583 0.238281 0.356944 0.477784
66 0.418359 0.543056 0.236719 0.369444 0.534547
66 0.41875 0.542361 0.235938 0.370833 0.544774
66 0.41875 0.543056 0.235938 0.369444 0.563427
66 0.413672 0.55 0.246094 0.355556 0.260216
66 0.414062 0.55 0.245312 0.358333 0.268299
66 0.417578 0.538889 0.235156 0.355556 0.449314
66 0.417578 0.539583 0.238281 0.356944 0.464034
66 0.417578 0.539583 0.238281 0.356944 0.477784
66 0.418359 0.543056 0.236719 0.369444 0.534547
66 0.41875 0.542361 0.235938 0.370833 0.544774
66 0.41875 0.543056 0.235938 0.369444 0.563427
66 0.413672 0.55 0.246094 0.355556 0.260216
66 0.414062 0.55 0.245312 0.358333 0.268299
66 0.417578 0.538889 0.235156 0.355556 0.449314
66 0.417578 0.539583 0.238281 0.356944 0.464034
66 0.417578 0.539583 0.238281 0.356944 0.477784
66 0.418359 0.543056 0.236719 0.369444 0.534547
66 0.41875 0.542361 0.235938 0.370833 0.544774
66 0.41875 0.543056 0.235938 0.369444 0.563427
