18 0.447656 0.4875 0.2125 0.313889 0.459872
18 0.447656 0.486806 0.210938 0.3125 0.680278
18 0.447656 0.486111 0.214062 0.313889 0.682958
18 0.446094 0.490972 0.2125 0.320833 0.773995
18 0.446094 0.489583 0.2125 0.315278 0.822251
18 0.445703 0.489583 0.210156 0.318056 0.831195
18 0.446094 0.493056 0.207813 0.313889 0.839873
18 0.445703 0.492361 0.208594 0.3125 0.861413
18 0.445312 0.493056 0.207813 0.313889 0.867762
18 0.447656 0.4875 0.2125 0.313889 0.459872
18 0.447656 0.486806 0.210938 0.3125 0.680278
18 0.447656 0.486111 0.214062 0.313889 0.682958
18 0.446094 0.490972 0.2125 0.320833 0.773995
18 0.446094 0.489583 0.2125 0.315278 0.822251
18 0.445703 0.489583 0.210156 0.318056 0.831195
18 0.446094 0.493056 0.207813 0.313889 0.839873
18 0.445703 0.492361 0.208594 0.3125 0.861413
18 0.445312 0.493056 0.207813 0.313889 0.867762
18 0.447656 0.4875 0.2125 0.313889 0.459872
18 0.447656 0.486806 0.210938 0.3125 0.680278
18 0.447656 0.486111 0.214062 0.313889 0.682958
18 0.446094 0.490972 0.2125 0.320833 0.773995
18 0.446094 0.489583 0.2125 0.315278 0.822251
18 0.445703 0.489583 0.210156 0.318056 0.831195
18 0.446094 0.493056 0.207813 0.313889 0.839873
18 0.445703 0.492361 0.208594 0.3125 0.861413
18 0.445312 0.493056 0.207813 0.313889 0.867762
