66 0.415625 0.548611 0.229687 0.355556 0.365456
66 0.415625 0.548611 0.228125 0.358333 0.368634
66 0.417969 0.543056 0.221875 0.372222 0.675613
66 0.417578 0.540278 0.222656 0.358333 0.67652
66 0.417969 0.542361 0.221875 0.370833 0.681797
66 0.417969 0.540972 0.223438 0.359722 0.684055
66 0.417969 0.540278 0.223438 0.361111 0.700709
66 0.417578 0.543056 0.221094 0.372222 0.705931
66 0.415625 0.548611 0.229687 0.355556 0.365456
66 0.415625 0.548611 0.228125 0.358333 0.368634
66 0.417969 0.543056 0.221875 0.372222 0.675613
66 0.417578 0.540278 0.222656 0.358333 0.67652
66 0.417969 0.542361 0.221875 0.370833 0.681797
66 0.417969 0.540972 0.223438 0.359722 0.684055
66 0.417969 0.540278 0.223438 0.361111 0.700709
66 0.417578 0.543056 0.221094 0.372222 0.705931
66 0.415625 0.548611 0.229687 0.355556 0.365456
66 0.415625 0.548611 0.228125 0.358333 0.368634
66 0.417969 0.543056 0.221875 0.372222 0.675613
66 0.417578 0.540278 0.222656 0.358333 0.67652
66 0.417969 0.542361 0.221875 0.370833 0.681797
66 0.417969 0.540972 0.223438 0.359722 0.684055
66 0.417969 0.540278 0.223438 0.361111 0.700709
66 0.417578 0.543056 0.221094 0.372222 0.705931
