67 0.414062 0.0708333 0.1125 0.138889 0.305112
67 0.414062 0.0694444 0.115625 0.138889 0.355026
67 0.412109 0.0736111 0.110156 0.144444 0.542257
67 0.412109 0.0729167 0.113281 0.145833 0.549651
67 0.414062 0.0708333 0.1125 0.138889 0.305112
67 0.414062 0.0694444 0.115625 0.138889 0.355026
67 0.412109 0.0736111 0.110156 0.144444 0.542257
67 0.412109 0.0729167 0.113281 0.145833 0.549651
67 0.414062 0.0708333 0.1125 0.138889 0.305112
67 0.414062 0.0694444 0.115625 0.138889 0.355026
67 0.412109 0.0736111 0.110156 0.144444 0.542257
67 0.412109 0.0729167 0.113281 0.145833 0.549651
