18 0.411328 0.544444 0.221094 0.358333 0.286475
66 0.400391 0.560417 0.249219 0.368056 0.312349
18 0.411719 0.545139 0.21875 0.356944 0.315122
66 0.4 0.55625 0.248437 0.359722 0.376752
66 0.4 0.556944 0.245312 0.361111 0.379344
66 0.405469 0.550694 0.23125 0.376389 0.435147
66 0.40625 0.551389 0.23125 0.377778 0.444778
66 0.405859 0.550694 0.232031 0.376389 0.458039
18 0.411328 0.544444 0.221094 0.358333 0.286475
66 0.400391 0.560417 0.249219 0.368056 0.312349
18 0.411719 0.545139 0.21875 0.356944 0.315122
66 0.4 0.55625 0.248437 0.359722 0.376752
66 0.4 0.556944 0.245312 0.361111 0.379344
66 0.405469 0.550694 0.23125 0.376389 0.435147
66 0.40625 0.551389 0.23125 0.377778 0.444778
66 0.405859 0.550694 0.232031 0.376389 0.458039
18 0.411328 0.544444 0.221094 0.358333 0.286475
66 0.400391 0.560417 0.249219 0.368056 0.312349
18 0.411719 0.545139 0.21875 0.356944 0.315122
66 0.4 0.55625 0.248437 0.359722 0.376752
66 0.4 0.556944 0.245312 0.361111 0.379344
66 0.405469 0.550694 0.23125 0.376389 0.435147
66 0.40625 0.551389 0.23125 0.377778 0.444778
66 0.405859 0.550694 0.232031 0.376389 0.458039
