21 0.629687 0.314583 0.15625 0.629167 0.251186
21 0.630078 0.332639 0.147656 0.665278 0.464958
21 0.630859 0.330556 0.147656 0.661111 0.500615
21 0.630469 0.329167 0.151562 0.658333 0.519722
21 0.629687 0.314583 0.15625 0.629167 0.251186
21 0.630078 0.332639 0.147656 0.665278 0.464958
21 0.630859 0.330556 0.147656 0.661111 0.500615
21 0.630469 0.329167 0.151562 0.658333 0.519722
21 0.629687 0.314583 0.15625 0.629167 0.251186
21 0.630078 0.332639 0.147656 0.665278 0.464958
21 0.630859 0.330556 0.147656 0.661111 0.500615
21 0.630469 0.329167 0.151562 0.658333 0.519722
