66 0.411328 0.523611 0.185156 0.327778 0.377605
66 0.410937 0.522917 0.185937 0.326389 0.387601
66 0.411719 0.53125 0.190625 0.323611 0.680397
66 0.411719 0.530556 0.1875 0.325 0.713805
66 0.411719 0.53125 0.190625 0.326389 0.761003
66 0.411719 0.53125 0.1875 0.331944 0.76226
66 0.411328 0.531944 0.186719 0.330556 0.776272
66 0.411328 0.530556 0.186719 0.330556 0.789198
66 0.411328 0.523611 0.185156 0.327778 0.377605
66 0.410937 0.522917 0.185937 0.326389 0.387601
66 0.411719 0.53125 0.190625 0.323611 0.680397
66 0.411719 0.530556 0.1875 0.325 0.713805
66 0.411719 0.53125 0.190625 0.326389 0.761003
66 0.411719 0.53125 0.1875 0.331944 0.76226
66 0.411328 0.531944 0.186719 0.330556 0.776272
66 0.411328 0.530556 0.186719 0.330556 0.789198
66 0.411328 0.523611 0.185156 0.327778 0.377605
66 0.410937 0.522917 0.185937 0.326389 0.387601
66 0.411719 0.53125 0.190625 0.323611 0.680397
66 0.411719 0.530556 0.1875 0.325 0.713805
66 0.411719 0.53125 0.190625 0.326389 0.761003
66 0.411719 0.53125 0.1875 0.331944 0.76226
66 0.411328 0.531944 0.186719 0.330556 0.776272
66 0.411328 0.530556 0.186719 0.330556 0.789198
