21 0.417969 0.517361 0.164062 0.329167 0.461569
21 0.418359 0.517361 0.163281 0.331944 0.496988
21 0.419141 0.521528 0.164844 0.334722 0.523454
21 0.419531 0.521528 0.1625 0.329167 0.591093
21 0.419141 0.521528 0.166406 0.329167 0.622633
21 0.419141 0.522222 0.166406 0.330556 0.678825
21 0.418359 0.522917 0.164844 0.329167 0.698505
21 0.41875 0.522222 0.167187 0.325 0.709231
21 0.417969 0.517361 0.164062 0.329167 0.461569
21 0.418359 0.517361 0.163281 0.331944 0.496988
21 0.419141 0.521528 0.164844 0.334722 0.523454
21 0.419531 0.521528 0.1625 0.329167 0.591093
21 0.419141 0.521528 0.166406 0.329167 0.622633
21 0.419141 0.522222 0.166406 0.330556 0.678825
21 0.418359 0.522917 0.164844 0.329167 0.698505
21 0.41875 0.522222 0.167187 0.325 0.709231
21 0.417969 0.517361 0.164062 0.329167 0.461569
21 0.418359 0.517361 0.163281 0.331944 0.496988
21 0.419141 0.521528 0.164844 0.334722 0.523454
21 0.419531 0.521528 0.1625 0.329167 0.591093
21 0.419141 0.521528 0.166406 0.329167 0.622633
21 0.419141 0.522222 0.166406 0.330556 0.678825
21 0.418359 0.522917 0.164844 0.329167 0.698505
21 0.41875 0.522222 0.167187 0.325 0.709231
