21 0.416797 0.498611 0.183594 0.408333 0.326815
21 0.416797 0.509028 0.185156 0.4125 0.346936
21 0.416797 0.498611 0.191406 0.411111 0.356072
21 0.416797 0.508333 0.191406 0.411111 0.361716
21 0.415625 0.498611 0.184375 0.416667 0.664598
21 0.416016 0.502778 0.185156 0.422222 0.664741
21 0.415625 0.499306 0.18125 0.4125 0.71006
21 0.415234 0.503472 0.182031 0.415278 0.7105
21 0.414844 0.498611 0.185937 0.411111 0.724618
21 0.415234 0.502778 0.186719 0.411111 0.727292
21 0.416797 0.498611 0.183594 0.408333 0.326815
21 0.416797 0.509028 0.185156 0.4125 0.346936
21 0.416797 0.498611 0.191406 0.411111 0.356072
21 0.416797 0.508333 0.191406 0.411111 0.361716
21 0.415625 0.498611 0.184375 0.416667 0.664598
21 0.416016 0.502778 0.185156 0.422222 0.664741
21 0.415625 0.499306 0.18125 0.4125 0.71006
21 0.415234 0.503472 0.182031 0.415278 0.7105
21 0.414844 0.498611 0.185937 0.411111 0.724618
21 0.415234 0.502778 0.186719 0.411111 0.727292
21 0.416797 0.498611 0.183594 0.408333 0.326815
21 0.416797 0.509028 0.185156 0.4125 0.346936
21 0.416797 0.498611 0.191406 0.411111 0.356072
21 0.416797 0.508333 0.191406 0.411111 0.361716
21 0.415625 0.498611 0.184375 0.416667 0.664598
21 0.416016 0.502778 0.185156 0.422222 0.664741
21 0.415625 0.499306 0.18125 0.4125 0.71006
21 0.415234 0.503472 0.182031 0.415278 0.7105
21 0.414844 0.498611 0.185937 0.411111 0.724618
21 0.415234 0.502778 0.186719 0.411111 0.727292
