66 0.414062 0.534028 0.192188 0.329167 0.505699
66 0.413672 0.534028 0.191406 0.329167 0.524011
66 0.413672 0.534028 0.191406 0.329167 0.609638
18 0.414453 0.533333 0.194531 0.316667 0.69909
18 0.414062 0.531944 0.192188 0.319444 0.751586
18 0.414062 0.531944 0.195312 0.322222 0.755798
66 0.414062 0.534028 0.192188 0.329167 0.505699
66 0.413672 0.534028 0.191406 0.329167 0.524011
66 0.413672 0.534028 0.191406 0.329167 0.609638
18 0.414453 0.533333 0.194531 0.316667 0.69909
18 0.414062 0.531944 0.192188 0.319444 0.751586
18 0.414062 0.531944 0.195312 0.322222 0.755798
66 0.414062 0.534028 0.192188 0.329167 0.505699
66 0.413672 0.534028 0.191406 0.329167 0.524011
66 0.413672 0.534028 0.191406 0.329167 0.609638
18 0.414453 0.533333 0.194531 0.316667 0.69909
18 0.414062 0.531944 0.192188 0.319444 0.751586
18 0.414062 0.531944 0.195312 0.322222 0.755798
