21 0.415234 0.520833 0.161719 0.333333 0.520191
21 0.415625 0.520139 0.160938 0.334722 0.558925
21 0.416406 0.523611 0.164062 0.338889 0.594221
21 0.416016 0.524306 0.161719 0.334722 0.668972
21 0.416016 0.522917 0.166406 0.334722 0.674268
21 0.416016 0.525 0.163281 0.333333 0.782768
21 0.416016 0.524306 0.161719 0.331944 0.791349
21 0.415625 0.524306 0.164062 0.329167 0.797599
21 0.415234 0.520833 0.161719 0.333333 0.520191
21 0.415625 0.520139 0.160938 0.334722 0.558925
21 0.416406 0.523611 0.164062 0.338889 0.594221
21 0.416016 0.524306 0.161719 0.334722 0.668972
21 0.416016 0.522917 0.166406 0.334722 0.674268
21 0.416016 0.525 0.163281 0.333333 0.782768
21 0.416016 0.524306 0.161719 0.331944 0.791349
21 0.415625 0.524306 0.164062 0.329167 0.797599
21 0.415234 0.520833 0.161719 0.333333 0.520191
21 0.415625 0.520139 0.160938 0.334722 0.558925
21 0.416406 0.523611 0.164062 0.338889 0.594221
21 0.416016 0.524306 0.161719 0.334722 0.668972
21 0.416016 0.522917 0.166406 0.334722 0.674268
21 0.416016 0.525 0.163281 0.333333 0.782768
21 0.416016 0.524306 0.161719 0.331944 0.791349
21 0.415625 0.524306 0.164062 0.329167 0.797599
