18 0.388281 0.563194 0.220313 0.329167 0.354769
18 0.383594 0.568056 0.217187 0.327778 0.406383
18 0.384375 0.56875 0.214062 0.329167 0.440759
18 0.388281 0.561806 0.220313 0.326389 0.511545
18 0.384766 0.559722 0.207031 0.325 0.549467
18 0.387891 0.561806 0.216406 0.326389 0.558582
18 0.384375 0.557639 0.207813 0.323611 0.640427
18 0.385938 0.559028 0.209375 0.329167 0.668043
18 0.384375 0.558333 0.20625 0.322222 0.670415
18 0.385938 0.557639 0.210938 0.331944 0.705625
18 0.385938 0.558333 0.207813 0.327778 0.718686
18 0.388281 0.563194 0.220313 0.329167 0.354769
18 0.383594 0.568056 0.217187 0.327778 0.406383
18 0.384375 0.56875 0.214062 0.329167 0.440759
18 0.388281 0.561806 0.220313 0.326389 0.511545
18 0.384766 0.559722 0.207031 0.325 0.549467
18 0.387891 0.561806 0.216406 0.326389 0.558582
18 0.384375 0.557639 0.207813 0.323611 0.640427
18 0.385938 0.559028 0.209375 0.329167 0.668043
18 0.384375 0.558333 0.20625 0.322222 0.670415
18 0.385938 0.557639 0.210938 0.331944 0.705625
18 0.385938 0.558333 0.207813 0.327778 0.718686
18 0.388281 0.563194 0.220313 0.329167 0.354769
18 0.383594 0.568056 0.217187 0.327778 0.406383
18 0.384375 0.56875 0.214062 0.329167 0.440759
18 0.388281 0.561806 0.220313 0.326389 0.511545
18 0.384766 0.559722 0.207031 0.325 0.549467
18 0.387891 0.561806 0.216406 0.326389 0.558582
18 0.384375 0.557639 0.207813 0.323611 0.640427
18 0.385938 0.559028 0.209375 0.329167 0.668043
18 0.384375 0.558333 0.20625 0.322222 0.670415
18 0.385938 0.557639 0.210938 0.331944 0.705625
18 0.385938 0.558333 0.207813 0.327778 0.718686
