18 0.430078 0.584028 0.183594 0.384722 0.411766
18 0.430078 0.584028 0.182031 0.379167 0.473622
18 0.430078 0.584028 0.185156 0.381944 0.506097
18 0.428906 0.591667 0.1875 0.391667 0.582969
18 0.428906 0.590278 0.1875 0.383333 0.612847
18 0.428906 0.590278 0.184375 0.386111 0.635612
18 0.428906 0.588889 0.189063 0.386111 0.669774
18 0.428906 0.5875 0.189063 0.380556 0.679071
18 0.428906 0.5875 0.184375 0.377778 0.699781
18 0.430078 0.584028 0.183594 0.384722 0.411766
18 0.430078 0.584028 0.182031 0.379167 0.473622
18 0.430078 0.584028 0.185156 0.381944 0.506097
18 0.428906 0.591667 0.1875 0.391667 0.582969
18 0.428906 0.590278 0.1875 0.383333 0.612847
18 0.428906 0.590278 0.184375 0.386111 0.635612
18 0.428906 0.588889 0.189063 0.386111 0.669774
18 0.428906 0.5875 0.189063 0.380556 0.679071
18 0.428906 0.5875 0.184375 0.377778 0.699781
18 0.430078 0.584028 0.183594 0.384722 0.411766
18 0.430078 0.584028 0.182031 0.379167 0.473622
18 0.430078 0.584028 0.185156 0.381944 0.506097
18 0.428906 0.591667 0.1875 0.391667 0.582969
18 0.428906 0.590278 0.1875 0.383333 0.612847
18 0.428906 0.590278 0.184375 0.386111 0.635612
18 0.428906 0.588889 0.189063 0.386111 0.669774
18 0.428906 0.5875 0.189063 0.380556 0.679071
18 0.428906 0.5875 0.184375 0.377778 0.699781
