21 0.624609 0.347222 0.157031 0.694444 0.371066
2 0.433594 0.545139 0.503125 0.390278 0.374363
21 0.625 0.342361 0.15625 0.684722 0.379082
21 0.624609 0.341667 0.160156 0.683333 0.40653
21 0.624609 0.347222 0.157031 0.694444 0.371066
2 0.433594 0.545139 0.503125 0.390278 0.374363
21 0.625 0.342361 0.15625 0.684722 0.379082
21 0.624609 0.341667 0.160156 0.683333 0.40653
21 0.624609 0.347222 0.157031 0.694444 0.371066
2 0.433594 0.545139 0.503125 0.390278 0.374363
21 0.625 0.342361 0.15625 0.684722 0.379082
21 0.624609 0.341667 0.160156 0.683333 0.40653
