2 0.413672 0.540278 0.307031 0.372222 0.253686
66 0.407031 0.564583 0.310937 0.3875 0.256228
66 0.414844 0.555556 0.292188 0.388889 0.300149
66 0.407031 0.561806 0.309375 0.376389 0.301056
66 0.414453 0.554861 0.292969 0.384722 0.339727
2 0.413672 0.540278 0.307031 0.372222 0.253686
66 0.407031 0.564583 0.310937 0.3875 0.256228
66 0.414844 0.555556 0.292188 0.388889 0.300149
66 0.407031 0.561806 0.309375 0.376389 0.301056
66 0.414453 0.554861 0.292969 0.384722 0.339727
2 0.413672 0.540278 0.307031 0.372222 0.253686
66 0.407031 0.564583 0.310937 0.3875 0.256228
66 0.414844 0.555556 0.292188 0.388889 0.300149
66 0.407031 0.561806 0.309375 0.376389 0.301056
66 0.414453 0.554861 0.292969 0.384722 0.339727
