21 0.408984 0.5375 0.155469 0.366667 0.352398
21 0.408984 0.536806 0.157031 0.365278 0.360659
21 0.402734 0.554861 0.142969 0.334722 0.448431
21 0.402734 0.554167 0.141406 0.330556 0.528068
21 0.402344 0.554167 0.14375 0.327778 0.531341
21 0.404687 0.547222 0.14375 0.338889 0.771727
21 0.404687 0.545833 0.145313 0.338889 0.777432
21 0.404297 0.544444 0.146094 0.338889 0.780594
21 0.408984 0.5375 0.155469 0.366667 0.352398
21 0.408984 0.536806 0.157031 0.365278 0.360659
21 0.402734 0.554861 0.142969 0.334722 0.448431
21 0.402734 0.554167 0.141406 0.330556 0.528068
21 0.402344 0.554167 0.14375 0.327778 0.531341
21 0.404687 0.547222 0.14375 0.338889 0.771727
21 0.404687 0.545833 0.145313 0.338889 0.777432
21 0.404297 0.544444 0.146094 0.338889 0.780594
21 0.408984 0.5375 0.155469 0.366667 0.352398
21 0.408984 0.536806 0.157031 0.365278 0.360659
21 0.402734 0.554861 0.142969 0.334722 0.448431
21 0.402734 0.554167 0.141406 0.330556 0.528068
21 0.402344 0.554167 0.14375 0.327778 0.531341
21 0.404687 0.547222 0.14375 0.338889 0.771727
21 0.404687 0.545833 0.145313 0.338889 0.777432
21 0.404297 0.544444 0.146094 0.338889 0.780594
