21 0.419922 0.515278 0.197656 0.413889 0.252253
21 0.428125 0.515278 0.195312 0.411111 0.273963
21 0.428516 0.515278 0.200781 0.411111 0.293576
21 0.425 0.51875 0.198437 0.426389 0.533222
21 0.425 0.51875 0.195312 0.420833 0.605777
21 0.424609 0.51875 0.199219 0.420833 0.640852
21 0.425781 0.519444 0.195312 0.419444 0.692723
21 0.425391 0.520139 0.197656 0.426389 0.697608
21 0.425391 0.520139 0.199219 0.418056 0.722185
21 0.419922 0.515278 0.197656 0.413889 0.252253
21 0.428125 0.515278 0.195312 0.411111 0.273963
21 0.428516 0.515278 0.200781 0.411111 0.293576
21 0.425 0.51875 0.198437 0.426389 0.533222
21 0.425 0.51875 0.195312 0.420833 0.605777
21 0.424609 0.51875 0.199219 0.420833 0.640852
21 0.425781 0.519444 0.195312 0.419444 0.692723
21 0.425391 0.520139 0.197656 0.426389 0.697608
21 0.425391 0.520139 0.199219 0.418056 0.722185
21 0.419922 0.515278 0.197656 0.413889 0.252253
21 0.428125 0.515278 0.195312 0.411111 0.273963
21 0.428516 0.515278 0.200781 0.411111 0.293576
21 0.425 0.51875 0.198437 0.426389 0.533222
21 0.425 0.51875 0.195312 0.420833 0.605777
21 0.424609 0.51875 0.199219 0.420833 0.640852
21 0.425781 0.519444 0.195312 0.419444 0.692723
21 0.425391 0.520139 0.197656 0.426389 0.697608
21 0.425391 0.520139 0.199219 0.418056 0.722185
