9 0.418359 0.617361 0.233594 0.4375 0.305963
9 0.418359 0.616667 0.235156 0.427778 0.336408
9 0.417969 0.617361 0.229687 0.443056 0.369899
9 0.417578 0.616667 0.230469 0.430556 0.381358
9 0.418359 0.617361 0.233594 0.4375 0.305963
9 0.418359 0.616667 0.235156 0.427778 0.336408
9 0.417969 0.617361 0.229687 0.443056 0.369899
9 0.417578 0.616667 0.230469 0.430556 0.381358
9 0.418359 0.617361 0.233594 0.4375 0.305963
9 0.418359 0.616667 0.235156 0.427778 0.336408
9 0.417969 0.617361 0.229687 0.443056 0.369899
9 0.417578 0.616667 0.230469 0.430556 0.381358
