18 0.437109 0.546528 0.197656 0.293056 0.344961
18 0.441016 0.550694 0.199219 0.301389 0.388371
18 0.437109 0.547222 0.194531 0.291667 0.394309
18 0.445703 0.543056 0.197656 0.327778 0.423661
18 0.445312 0.54375 0.195312 0.323611 0.448676
18 0.440625 0.55 0.2 0.3 0.538417
18 0.440234 0.55 0.196094 0.3 0.572861
18 0.439844 0.55 0.198437 0.316667 0.808995
18 0.439453 0.547222 0.199219 0.313889 0.815173
18 0.439453 0.547917 0.196094 0.315278 0.835615
18 0.437109 0.546528 0.197656 0.293056 0.344961
18 0.441016 0.550694 0.199219 0.301389 0.388371
18 0.437109 0.547222 0.194531 0.291667 0.394309
18 0.445703 0.543056 0.197656 0.327778 0.423661
18 0.445312 0.54375 0.195312 0.323611 0.448676
18 0.440625 0.55 0.2 0.3 0.538417
18 0.440234 0.55 0.196094 0.3 0.572861
18 0.439844 0.55 0.198437 0.316667 0.808995
18 0.439453 0.547222 0.199219 0.313889 0.815173
18 0.439453 0.547917 0.196094 0.315278 0.835615
18 0.437109 0.546528 0.197656 0.293056 0.344961
18 0.441016 0.550694 0.199219 0.301389 0.388371
18 0.437109 0.547222 0.194531 0.291667 0.394309
18 0.445703 0.543056 0.197656 0.327778 0.423661
18 0.445312 0.54375 0.195312 0.323611 0.448676
18 0.440625 0.55 0.2 0.3 0.538417
18 0.440234 0.55 0.196094 0.3 0.572861
18 0.439844 0.55 0.198437 0.316667 0.808995
18 0.439453 0.547222 0.199219 0.313889 0.815173
18 0.439453 0.547917 0.196094 0.315278 0.835615
