66 0.408203 0.548611 0.200781 0.336111 0.295651
66 0.408594 0.548611 0.201562 0.336111 0.313816
66 0.409766 0.54375 0.196094 0.354167 0.542409
18 0.410937 0.540972 0.198437 0.3375 0.55334
66 0.409375 0.543056 0.196875 0.352778 0.556151
66 0.408984 0.542361 0.196094 0.354167 0.585305
18 0.410547 0.540972 0.200781 0.340278 0.598665
18 0.410937 0.540972 0.196875 0.3375 0.608518
66 0.408203 0.548611 0.200781 0.336111 0.295651
66 0.408594 0.548611 0.201562 0.336111 0.313816
66 0.409766 0.54375 0.196094 0.354167 0.542409
18 0.410937 0.540972 0.198437 0.3375 0.55334
66 0.409375 0.543056 0.196875 0.352778 0.556151
66 0.408984 0.542361 0.196094 0.354167 0.585305
18 0.410547 0.540972 0.200781 0.340278 0.598665
18 0.410937 0.540972 0.196875 0.3375 0.608518
66 0.408203 0.548611 0.200781 0.336111 0.295651
66 0.408594 0.548611 0.201562 0.336111 0.313816
66 0.409766 0.54375 0.196094 0.354167 0.542409
18 0.410937 0.540972 0.198437 0.3375 0.55334
66 0.409375 0.543056 0.196875 0.352778 0.556151
66 0.408984 0.542361 0.196094 0.354167 0.585305
18 0.410547 0.540972 0.200781 0.340278 0.598665
18 0.410937 0.540972 0.196875 0.3375 0.608518
