58 0.358594 0.554861 0.153125 0.484722 0.26717
58 0.358594 0.555556 0.157813 0.480556 0.290006
58 0.358594 0.556944 0.159375 0.502778 0.297343
58 0.359375 0.545139 0.1625 0.509722 0.303575
58 0.358594 0.554861 0.153125 0.484722 0.26717
58 0.358594 0.555556 0.157813 0.480556 0.290006
58 0.358594 0.556944 0.159375 0.502778 0.297343
58 0.359375 0.545139 0.1625 0.509722 0.303575
58 0.358594 0.554861 0.153125 0.484722 0.26717
58 0.358594 0.555556 0.157813 0.480556 0.290006
58 0.358594 0.556944 0.159375 0.502778 0.297343
58 0.359375 0.545139 0.1625 0.509722 0.303575
