21 0.409375 0.547917 0.151562 0.329167 0.311027
21 0.409375 0.547917 0.154687 0.326389 0.34049
21 0.412109 0.535417 0.158594 0.351389 0.453586
21 0.412109 0.534722 0.161719 0.352778 0.493789
21 0.411719 0.540278 0.154687 0.336111 0.667214
21 0.411719 0.539583 0.154687 0.334722 0.679698
21 0.411328 0.538194 0.155469 0.334722 0.691043
21 0.409375 0.547917 0.151562 0.329167 0.311027
21 0.409375 0.547917 0.154687 0.326389 0.34049
21 0.412109 0.535417 0.158594 0.351389 0.453586
21 0.412109 0.534722 0.161719 0.352778 0.493789
21 0.411719 0.540278 0.154687 0.336111 0.667214
21 0.411719 0.539583 0.154687 0.334722 0.679698
21 0.411328 0.538194 0.155469 0.334722 0.691043
21 0.409375 0.547917 0.151562 0.329167 0.311027
21 0.409375 0.547917 0.154687 0.326389 0.34049
21 0.412109 0.535417 0.158594 0.351389 0.453586
21 0.412109 0.534722 0.161719 0.352778 0.493789
21 0.411719 0.540278 0.154687 0.336111 0.667214
21 0.411719 0.539583 0.154687 0.334722 0.679698
21 0.411328 0.538194 0.155469 0.334722 0.691043
