21 0.416797 0.510417 0.185156 0.4125 0.383379
21 0.415625 0.506944 0.185937 0.422222 0.398069
21 0.416797 0.511111 0.192969 0.411111 0.408552
21 0.415234 0.50625 0.182031 0.4125 0.519005
21 0.415234 0.50625 0.186719 0.409722 0.534214
21 0.416016 0.502083 0.183594 0.418056 0.559489
21 0.416016 0.502778 0.182031 0.411111 0.636801
21 0.415234 0.502083 0.186719 0.4125 0.653485
21 0.416797 0.510417 0.185156 0.4125 0.383379
21 0.415625 0.506944 0.185937 0.422222 0.398069
21 0.416797 0.511111 0.192969 0.411111 0.408552
21 0.415234 0.50625 0.182031 0.4125 0.519005
21 0.415234 0.50625 0.186719 0.409722 0.534214
21 0.416016 0.502083 0.183594 0.418056 0.559489
21 0.416016 0.502778 0.182031 0.411111 0.636801
21 0.415234 0.502083 0.186719 0.4125 0.653485
21 0.416797 0.510417 0.185156 0.4125 0.383379
21 0.415625 0.506944 0.185937 0.422222 0.398069
21 0.416797 0.511111 0.192969 0.411111 0.408552
21 0.415234 0.50625 0.182031 0.4125 0.519005
21 0.415234 0.50625 0.186719 0.409722 0.534214
21 0.416016 0.502083 0.183594 0.418056 0.559489
21 0.416016 0.502778 0.182031 0.411111 0.636801
21 0.415234 0.502083 0.186719 0.4125 0.653485
