66 0.414844 0.547917 0.220313 0.351389 0.314245
66 0.414844 0.547917 0.220313 0.354167 0.314282
66 0.416797 0.541667 0.213281 0.366667 0.651518
66 0.416797 0.541667 0.213281 0.366667 0.660567
66 0.416797 0.539583 0.214844 0.356944 0.662188
66 0.416797 0.538889 0.213281 0.355556 0.668278
66 0.416406 0.540972 0.2125 0.368056 0.676487
66 0.417188 0.538889 0.215625 0.358333 0.697113
66 0.414844 0.547917 0.220313 0.351389 0.314245
66 0.414844 0.547917 0.220313 0.354167 0.314282
66 0.416797 0.541667 0.213281 0.366667 0.651518
66 0.416797 0.541667 0.213281 0.366667 0.660567
66 0.416797 0.539583 0.214844 0.356944 0.662188
66 0.416797 0.538889 0.213281 0.355556 0.668278
66 0.416406 0.540972 0.2125 0.368056 0.676487
66 0.417188 0.538889 0.215625 0.358333 0.697113
66 0.414844 0.547917 0.220313 0.351389 0.314245
66 0.414844 0.547917 0.220313 0.354167 0.314282
66 0.416797 0.541667 0.213281 0.366667 0.651518
66 0.416797 0.541667 0.213281 0.366667 0.660567
66 0.416797 0.539583 0.214844 0.356944 0.662188
66 0.416797 0.538889 0.213281 0.355556 0.668278
66 0.416406 0.540972 0.2125 0.368056 0.676487
66 0.417188 0.538889 0.215625 0.358333 0.697113
