18 0.446094 0.490972 0.201562 0.2875 0.31635
18 0.446094 0.491667 0.2 0.286111 0.343997
18 0.441797 0.502778 0.203906 0.294444 0.76254
18 0.441406 0.5 0.198437 0.291667 0.773746
18 0.441406 0.500694 0.204688 0.290278 0.802627
18 0.441016 0.499306 0.199219 0.290278 0.808412
18 0.441016 0.499306 0.197656 0.290278 0.819615
18 0.441406 0.501389 0.2 0.291667 0.824439
18 0.446094 0.490972 0.201562 0.2875 0.31635
18 0.446094 0.491667 0.2 0.286111 0.343997
18 0.441797 0.502778 0.203906 0.294444 0.76254
18 0.441406 0.5 0.198437 0.291667 0.773746
18 0.441406 0.500694 0.204688 0.290278 0.802627
18 0.441016 0.499306 0.199219 0.290278 0.808412
18 0.441016 0.499306 0.197656 0.290278 0.819615
18 0.441406 0.501389 0.2 0.291667 0.824439
18 0.446094 0.490972 0.201562 0.2875 0.31635
18 0.446094 0.491667 0.2 0.286111 0.343997
18 0.441797 0.502778 0.203906 0.294444 0.76254
18 0.441406 0.5 0.198437 0.291667 0.773746
18 0.441406 0.500694 0.204688 0.290278 0.802627
18 0.441016 0.499306 0.199219 0.290278 0.808412
18 0.441016 0.499306 0.197656 0.290278 0.819615
18 0.441406 0.501389 0.2 0.291667 0.824439
