18 0.446094 0.519444 0.2125 0.275 0.420701
18 0.448828 0.530556 0.217969 0.283333 0.506132
18 0.445703 0.519444 0.214844 0.272222 0.534525
18 0.445312 0.519444 0.214062 0.272222 0.553081
18 0.448438 0.530556 0.217187 0.283333 0.592733
18 0.448828 0.530556 0.219531 0.286111 0.595998
18 0.446484 0.527778 0.222656 0.283333 0.752735
18 0.446094 0.525694 0.223438 0.279167 0.765742
18 0.445703 0.526389 0.221094 0.280556 0.775328
18 0.446094 0.519444 0.2125 0.275 0.420701
18 0.448828 0.530556 0.217969 0.283333 0.506132
18 0.445703 0.519444 0.214844 0.272222 0.534525
18 0.445312 0.519444 0.214062 0.272222 0.553081
18 0.448438 0.530556 0.217187 0.283333 0.592733
18 0.448828 0.530556 0.219531 0.286111 0.595998
18 0.446484 0.527778 0.222656 0.283333 0.752735
18 0.446094 0.525694 0.223438 0.279167 0.765742
18 0.445703 0.526389 0.221094 0.280556 0.775328
18 0.446094 0.519444 0.2125 0.275 0.420701
18 0.448828 0.530556 0.217969 0.283333 0.506132
18 0.445703 0.519444 0.214844 0.272222 0.534525
18 0.445312 0.519444 0.214062 0.272222 0.553081
18 0.448438 0.530556 0.217187 0.283333 0.592733
18 0.448828 0.530556 0.219531 0.286111 0.595998
18 0.446484 0.527778 0.222656 0.283333 0.752735
18 0.446094 0.525694 0.223438 0.279167 0.765742
18 0.445703 0.526389 0.221094 0.280556 0.775328
