18 0.446484 0.520833 0.199219 0.3 0.378718
18 0.446484 0.521528 0.197656 0.301389 0.400307
18 0.440625 0.511806 0.192188 0.290278 0.675006
18 0.440625 0.511111 0.19375 0.288889 0.736916
18 0.440234 0.511111 0.192969 0.288889 0.745709
18 0.441016 0.515972 0.200781 0.290278 0.785067
18 0.441406 0.514583 0.201562 0.2875 0.796965
18 0.440625 0.515278 0.198437 0.288889 0.817267
18 0.446484 0.520833 0.199219 0.3 0.378718
18 0.446484 0.521528 0.197656 0.301389 0.400307
18 0.440625 0.511806 0.192188 0.290278 0.675006
18 0.440625 0.511111 0.19375 0.288889 0.736916
18 0.440234 0.511111 0.192969 0.288889 0.745709
18 0.441016 0.515972 0.200781 0.290278 0.785067
18 0.441406 0.514583 0.201562 0.2875 0.796965
18 0.440625 0.515278 0.198437 0.288889 0.817267
18 0.446484 0.520833 0.199219 0.3 0.378718
18 0.446484 0.521528 0.197656 0.301389 0.400307
18 0.440625 0.511806 0.192188 0.290278 0.675006
18 0.440625 0.511111 0.19375 0.288889 0.736916
18 0.440234 0.511111 0.192969 0.288889 0.745709
18 0.441016 0.515972 0.200781 0.290278 0.785067
18 0.441406 0.514583 0.201562 0.2875 0.796965
18 0.440625 0.515278 0.198437 0.288889 0.817267
