21 0.416016 0.521528 0.160156 0.3375 0.421361
21 0.416406 0.522222 0.159375 0.338889 0.46322
21 0.417578 0.525694 0.161719 0.345833 0.63791
21 0.417969 0.525694 0.159375 0.340278 0.675848
21 0.417578 0.525 0.163281 0.341667 0.683711
21 0.417578 0.527083 0.161719 0.3375 0.771904
21 0.417578 0.526389 0.160156 0.336111 0.78315
21 0.417188 0.526389 0.1625 0.333333 0.789307
21 0.416016 0.521528 0.160156 0.3375 0.421361
21 0.416406 0.522222 0.159375 0.338889 0.46322
21 0.417578 0.525694 0.161719 0.345833 0.63791
21 0.417969 0.525694 0.159375 0.340278 0.675848
21 0.417578 0.525 0.163281 0.341667 0.683711
21 0.417578 0.527083 0.161719 0.3375 0.771904
21 0.417578 0.526389 0.160156 0.336111 0.78315
21 0.417188 0.526389 0.1625 0.333333 0.789307
21 0.416016 0.521528 0.160156 0.3375 0.421361
21 0.416406 0.522222 0.159375 0.338889 0.46322
21 0.417578 0.525694 0.161719 0.345833 0.63791
21 0.417969 0.525694 0.159375 0.340278 0.675848
21 0.417578 0.525 0.163281 0.341667 0.683711
21 0.417578 0.527083 0.161719 0.3375 0.771904
21 0.417578 0.526389 0.160156 0.336111 0.78315
21 0.417188 0.526389 0.1625 0.333333 0.789307
