66 0.414062 0.546528 0.214062 0.340278 0.320073
66 0.413672 0.546528 0.213281 0.3375 0.32155
66 0.415234 0.538194 0.210156 0.343056 0.665022
66 0.415234 0.539583 0.208594 0.354167 0.679518
66 0.415234 0.5375 0.208594 0.344444 0.686436
66 0.414844 0.539583 0.207813 0.354167 0.694294
66 0.414844 0.539583 0.207813 0.356944 0.706826
66 0.415625 0.536806 0.210938 0.348611 0.720441
66 0.414062 0.546528 0.214062 0.340278 0.320073
66 0.413672 0.546528 0.213281 0.3375 0.32155
66 0.415234 0.538194 0.210156 0.343056 0.665022
66 0.415234 0.539583 0.208594 0.354167 0.679518
66 0.415234 0.5375 0.208594 0.344444 0.686436
66 0.414844 0.539583 0.207813 0.354167 0.694294
66 0.414844 0.539583 0.207813 0.356944 0.706826
66 0.415625 0.536806 0.210938 0.348611 0.720441
66 0.414062 0.546528 0.214062 0.340278 0.320073
66 0.413672 0.546528 0.213281 0.3375 0.32155
66 0.415234 0.538194 0.210156 0.343056 0.665022
66 0.415234 0.539583 0.208594 0.354167 0.679518
66 0.415234 0.5375 0.208594 0.344444 0.686436
66 0.414844 0.539583 0.207813 0.354167 0.694294
66 0.414844 0.539583 0.207813 0.356944 0.706826
66 0.415625 0.536806 0.210938 0.348611 0.720441
