18 0.447266 0.529861 0.213281 0.301389 0.251096
18 0.437109 0.533333 0.210156 0.280556 0.253079
18 0.436719 0.534028 0.20625 0.279167 0.259511
18 0.442578 0.522917 0.203906 0.290278 0.294864
18 0.447266 0.530556 0.210156 0.297222 0.32141
18 0.442187 0.522917 0.204688 0.2875 0.443729
18 0.441797 0.522917 0.205469 0.290278 0.444115
18 0.441797 0.533333 0.210156 0.294444 0.75211
18 0.441406 0.530556 0.210938 0.294444 0.753082
18 0.441406 0.53125 0.209375 0.293056 0.772552
18 0.447266 0.529861 0.213281 0.301389 0.251096
18 0.437109 0.533333 0.210156 0.280556 0.253079
18 0.436719 0.534028 0.20625 0.279167 0.259511
18 0.442578 0.522917 0.203906 0.290278 0.294864
18 0.447266 0.530556 0.210156 0.297222 0.32141
18 0.442187 0.522917 0.204688 0.2875 0.443729
18 0.441797 0.522917 0.205469 0.290278 0.444115
18 0.441797 0.533333 0.210156 0.294444 0.75211
18 0.441406 0.530556 0.210938 0.294444 0.753082
18 0.441406 0.53125 0.209375 0.293056 0.772552
18 0.447266 0.529861 0.213281 0.301389 0.251096
18 0.437109 0.533333 0.210156 0.280556 0.253079
18 0.436719 0.534028 0.20625 0.279167 0.259511
18 0.442578 0.522917 0.203906 0.290278 0.294864
18 0.447266 0.530556 0.210156 0.297222 0.32141
18 0.442187 0.522917 0.204688 0.2875 0.443729
18 0.441797 0.522917 0.205469 0.290278 0.444115
18 0.441797 0.533333 0.210156 0.294444 0.75211
18 0.441406 0.530556 0.210938 0.294444 0.753082
18 0.441406 0.53125 0.209375 0.293056 0.772552
