21 0.408984 0.497222 0.103906 0.252778 0.351637
21 0.410547 0.499306 0.102344 0.2625 0.364877
21 0.408594 0.497917 0.103125 0.248611 0.424009
21 0.408984 0.497222 0.105469 0.247222 0.453582
21 0.409766 0.498611 0.103906 0.258333 0.467361
21 0.410547 0.499306 0.103906 0.259722 0.481534
21 0.408984 0.497222 0.103906 0.252778 0.351637
21 0.410547 0.499306 0.102344 0.2625 0.364877
21 0.408594 0.497917 0.103125 0.248611 0.424009
21 0.408984 0.497222 0.105469 0.247222 0.453582
21 0.409766 0.498611 0.103906 0.258333 0.467361
21 0.410547 0.499306 0.103906 0.259722 0.481534
21 0.408984 0.497222 0.103906 0.252778 0.351637
21 0.410547 0.499306 0.102344 0.2625 0.364877
21 0.408594 0.497917 0.103125 0.248611 0.424009
21 0.408984 0.497222 0.105469 0.247222 0.453582
21 0.409766 0.498611 0.103906 0.258333 0.467361
21 0.410547 0.499306 0.103906 0.259722 0.481534
