21 0.380469 0.484722 0.1 0.272222 0.276687
21 0.380859 0.485417 0.0992187 0.270833 0.290735
21 0.383203 0.486111 0.0976562 0.266667 0.384415
21 0.382031 0.486111 0.0953125 0.277778 0.476623
21 0.382031 0.486806 0.096875 0.279167 0.555585
21 0.382812 0.485417 0.0984375 0.268056 0.561133
21 0.383203 0.486111 0.0992187 0.266667 0.569325
21 0.382422 0.4875 0.0976562 0.277778 0.576816
21 0.380469 0.484722 0.1 0.272222 0.276687
21 0.380859 0.485417 0.0992187 0.270833 0.290735
21 0.383203 0.486111 0.0976562 0.266667 0.384415
21 0.382031 0.486111 0.0953125 0.277778 0.476623
21 0.382031 0.486806 0.096875 0.279167 0.555585
21 0.382812 0.485417 0.0984375 0.268056 0.561133
21 0.383203 0.486111 0.0992187 0.266667 0.569325
21 0.382422 0.4875 0.0976562 0.277778 0.576816
21 0.380469 0.484722 0.1 0.272222 0.276687
21 0.380859 0.485417 0.0992187 0.270833 0.290735
21 0.383203 0.486111 0.0976562 0.266667 0.384415
21 0.382031 0.486111 0.0953125 0.277778 0.476623
21 0.382031 0.486806 0.096875 0.279167 0.555585
21 0.382812 0.485417 0.0984375 0.268056 0.561133
21 0.383203 0.486111 0.0992187 0.266667 0.569325
21 0.382422 0.4875 0.0976562 0.277778 0.576816
