21 0.386328 0.555556 0.158594 0.466667 0.312263
21 0.386328 0.55625 0.158594 0.456944 0.340099
21 0.385547 0.55625 0.155469 0.456944 0.35249
21 0.387109 0.554167 0.158594 0.458333 0.523478
21 0.387109 0.554167 0.161719 0.475 0.560708
21 0.387109 0.554861 0.163281 0.459722 0.578
21 0.386328 0.555556 0.158594 0.466667 0.312263
21 0.386328 0.55625 0.158594 0.456944 0.340099
21 0.385547 0.55625 0.155469 0.456944 0.35249
21 0.387109 0.554167 0.158594 0.458333 0.523478
21 0.387109 0.554167 0.161719 0.475 0.560708
21 0.387109 0.554861 0.163281 0.459722 0.578
21 0.386328 0.555556 0.158594 0.466667 0.312263
21 0.386328 0.55625 0.158594 0.456944 0.340099
21 0.385547 0.55625 0.155469 0.456944 0.35249
21 0.387109 0.554167 0.158594 0.458333 0.523478
21 0.387109 0.554167 0.161719 0.475 0.560708
21 0.387109 0.554861 0.163281 0.459722 0.578
