18 0.407813 0.540972 0.1875 0.329167 0.284443
18 0.407813 0.540972 0.184375 0.326389 0.330276
66 0.402734 0.547917 0.189844 0.329167 0.338828
66 0.403516 0.547917 0.191406 0.331944 0.360363
66 0.403516 0.544444 0.185156 0.344444 0.561639
66 0.403516 0.544444 0.185156 0.341667 0.575796
66 0.403516 0.54375 0.185156 0.343056 0.617757
18 0.407813 0.540972 0.1875 0.329167 0.284443
18 0.407813 0.540972 0.184375 0.326389 0.330276
66 0.402734 0.547917 0.189844 0.329167 0.338828
66 0.403516 0.547917 0.191406 0.331944 0.360363
66 0.403516 0.544444 0.185156 0.344444 0.561639
66 0.403516 0.544444 0.185156 0.341667 0.575796
66 0.403516 0.54375 0.185156 0.343056 0.617757
18 0.407813 0.540972 0.1875 0.329167 0.284443
18 0.407813 0.540972 0.184375 0.326389 0.330276
66 0.402734 0.547917 0.189844 0.329167 0.338828
66 0.403516 0.547917 0.191406 0.331944 0.360363
66 0.403516 0.544444 0.185156 0.344444 0.561639
66 0.403516 0.544444 0.185156 0.341667 0.575796
66 0.403516 0.54375 0.185156 0.343056 0.617757
