21 0.415625 0.519444 0.1625 0.330556 0.538272
21 0.416406 0.519444 0.160938 0.330556 0.571225
21 0.416406 0.522917 0.164062 0.334722 0.579253
21 0.416406 0.522917 0.160938 0.329167 0.657247
21 0.416406 0.522222 0.165625 0.330556 0.661775
21 0.416406 0.523611 0.164062 0.330556 0.766813
21 0.416406 0.524306 0.1625 0.329167 0.775203
21 0.416016 0.522917 0.164844 0.326389 0.782122
21 0.415625 0.519444 0.1625 0.330556 0.538272
21 0.416406 0.519444 0.160938 0.330556 0.571225
21 0.416406 0.522917 0.164062 0.334722 0.579253
21 0.416406 0.522917 0.160938 0.329167 0.657247
21 0.416406 0.522222 0.165625 0.330556 0.661775
21 0.416406 0.523611 0.164062 0.330556 0.766813
21 0.416406 0.524306 0.1625 0.329167 0.775203
21 0.416016 0.522917 0.164844 0.326389 0.782122
21 0.415625 0.519444 0.1625 0.330556 0.538272
21 0.416406 0.519444 0.160938 0.330556 0.571225
21 0.416406 0.522917 0.164062 0.334722 0.579253
21 0.416406 0.522917 0.160938 0.329167 0.657247
21 0.416406 0.522222 0.165625 0.330556 0.661775
21 0.416406 0.523611 0.164062 0.330556 0.766813
21 0.416406 0.524306 0.1625 0.329167 0.775203
21 0.416016 0.522917 0.164844 0.326389 0.782122
