15 0.859766 0.329167 0.274219 0.658333 0.335332
15 0.856641 0.330556 0.282031 0.661111 0.382899
15 0.856641 0.332639 0.283594 0.665278 0.39538
15 0.85625 0.332639 0.285937 0.665278 0.418238
15 0.859766 0.329167 0.274219 0.658333 0.335332
15 0.856641 0.330556 0.282031 0.661111 0.382899
15 0.856641 0.332639 0.283594 0.665278 0.39538
15 0.85625 0.332639 0.285937 0.665278 0.418238
15 0.859766 0.329167 0.274219 0.658333 0.335332
15 0.856641 0.330556 0.282031 0.661111 0.382899
15 0.856641 0.332639 0.283594 0.665278 0.39538
15 0.85625 0.332639 0.285937 0.665278 0.418238
