21 0.39375 0.558333 0.185937 0.369444 0.253012
21 0.380859 0.566667 0.157031 0.338889 0.307366
21 0.392969 0.557639 0.179688 0.356944 0.310183
21 0.38125 0.561111 0.15625 0.341667 0.316277
21 0.386328 0.567361 0.164844 0.343056 0.324228
21 0.381641 0.5625 0.155469 0.344444 0.325748
21 0.393359 0.557639 0.186719 0.356944 0.36393
21 0.380469 0.566667 0.157813 0.330556 0.378012
21 0.386719 0.567361 0.16875 0.340278 0.381635
21 0.380078 0.566667 0.155469 0.333333 0.387279
21 0.39375 0.558333 0.185937 0.369444 0.253012
21 0.380859 0.566667 0.157031 0.338889 0.307366
21 0.392969 0.557639 0.179688 0.356944 0.310183
21 0.38125 0.561111 0.15625 0.341667 0.316277
21 0.386328 0.567361 0.164844 0.343056 0.324228
21 0.381641 0.5625 0.155469 0.344444 0.325748
21 0.393359 0.557639 0.186719 0.356944 0.36393
21 0.380469 0.566667 0.157813 0.330556 0.378012
21 0.386719 0.567361 0.16875 0.340278 0.381635
21 0.380078 0.566667 0.155469 0.333333 0.387279
21 0.39375 0.558333 0.185937 0.369444 0.253012
21 0.380859 0.566667 0.157031 0.338889 0.307366
21 0.392969 0.557639 0.179688 0.356944 0.310183
21 0.38125 0.561111 0.15625 0.341667 0.316277
21 0.386328 0.567361 0.164844 0.343056 0.324228
21 0.381641 0.5625 0.155469 0.344444 0.325748
21 0.393359 0.557639 0.186719 0.356944 0.36393
21 0.380469 0.566667 0.157813 0.330556 0.378012
21 0.386719 0.567361 0.16875 0.340278 0.381635
21 0.380078 0.566667 0.155469 0.333333 0.387279
