14 0.396484 0.554861 0.161719 0.348611 0.256806
14 0.401563 0.541667 0.16875 0.377778 0.268752
14 0.400781 0.539583 0.164062 0.365278 0.27106
14 0.400781 0.538889 0.16875 0.363889 0.299208
14 0.396484 0.554861 0.161719 0.348611 0.256806
14 0.401563 0.541667 0.16875 0.377778 0.268752
14 0.400781 0.539583 0.164062 0.365278 0.27106
14 0.400781 0.538889 0.16875 0.363889 0.299208
14 0.396484 0.554861 0.161719 0.348611 0.256806
14 0.401563 0.541667 0.16875 0.377778 0.268752
14 0.400781 0.539583 0.164062 0.365278 0.27106
14 0.400781 0.538889 0.16875 0.363889 0.299208
