66 0.416797 0.539583 0.239844 0.356944 0.263944
66 0.416406 0.540278 0.24375 0.358333 0.278765
66 0.416406 0.540278 0.24375 0.358333 0.302107
66 0.417188 0.544444 0.24375 0.372222 0.392244
66 0.417188 0.545139 0.24375 0.376389 0.415659
66 0.417188 0.545139 0.24375 0.373611 0.434907
66 0.416797 0.539583 0.239844 0.356944 0.263944
66 0.416406 0.540278 0.24375 0.358333 0.278765
66 0.416406 0.540278 0.24375 0.358333 0.302107
66 0.417188 0.544444 0.24375 0.372222 0.392244
66 0.417188 0.545139 0.24375 0.376389 0.415659
66 0.417188 0.545139 0.24375 0.373611 0.434907
66 0.416797 0.539583 0.239844 0.356944 0.263944
66 0.416406 0.540278 0.24375 0.358333 0.278765
66 0.416406 0.540278 0.24375 0.358333 0.302107
66 0.417188 0.544444 0.24375 0.372222 0.392244
66 0.417188 0.545139 0.24375 0.376389 0.415659
66 0.417188 0.545139 0.24375 0.373611 0.434907
