18 0.435156 0.551389 0.228125 0.316667 0.429524
18 0.435156 0.551389 0.223438 0.316667 0.472878
18 0.4375 0.556944 0.235938 0.319444 0.568618
18 0.4375 0.555556 0.2375 0.316667 0.614404
18 0.437109 0.55625 0.232031 0.318056 0.679788
18 0.437109 0.555556 0.227344 0.330556 0.764132
18 0.437109 0.553472 0.228906 0.326389 0.78388
18 0.436719 0.554167 0.226562 0.327778 0.805499
18 0.435156 0.551389 0.228125 0.316667 0.429524
18 0.435156 0.551389 0.223438 0.316667 0.472878
18 0.4375 0.556944 0.235938 0.319444 0.568618
18 0.4375 0.555556 0.2375 0.316667 0.614404
18 0.437109 0.55625 0.232031 0.318056 0.679788
18 0.437109 0.555556 0.227344 0.330556 0.764132
18 0.437109 0.553472 0.228906 0.326389 0.78388
18 0.436719 0.554167 0.226562 0.327778 0.805499
18 0.435156 0.551389 0.228125 0.316667 0.429524
18 0.435156 0.551389 0.223438 0.316667 0.472878
18 0.4375 0.556944 0.235938 0.319444 0.568618
18 0.4375 0.555556 0.2375 0.316667 0.614404
18 0.437109 0.55625 0.232031 0.318056 0.679788
18 0.437109 0.555556 0.227344 0.330556 0.764132
18 0.437109 0.553472 0.228906 0.326389 0.78388
18 0.436719 0.554167 0.226562 0.327778 0.805499
