21 0.73125 0.452778 0.271875 0.905556 0.398744
21 0.743359 0.424306 0.272656 0.848611 0.406443
21 0.731641 0.45 0.271094 0.9 0.410832
21 0.739062 0.457639 0.257812 0.915278 0.512125
21 0.739844 0.455556 0.259375 0.911111 0.541109
21 0.742969 0.440972 0.270312 0.881944 0.552755
21 0.744141 0.440972 0.267969 0.881944 0.587247
21 0.73125 0.452778 0.271875 0.905556 0.398744
21 0.743359 0.424306 0.272656 0.848611 0.406443
21 0.731641 0.45 0.271094 0.9 0.410832
21 0.739062 0.457639 0.257812 0.915278 0.512125
21 0.739844 0.455556 0.259375 0.911111 0.541109
21 0.742969 0.440972 0.270312 0.881944 0.552755
21 0.744141 0.440972 0.267969 0.881944 0.587247
21 0.73125 0.452778 0.271875 0.905556 0.398744
21 0.743359 0.424306 0.272656 0.848611 0.406443
21 0.731641 0.45 0.271094 0.9 0.410832
21 0.739062 0.457639 0.257812 0.915278 0.512125
21 0.739844 0.455556 0.259375 0.911111 0.541109
21 0.742969 0.440972 0.270312 0.881944 0.552755
21 0.744141 0.440972 0.267969 0.881944 0.587247
