1 0.504687 0.616406 0.2 0.392188 0.304584
1 0.504687 0.615625 0.203125 0.39375 0.342936
1 0.508594 0.610156 0.198437 0.398438 0.719883
1 0.507812 0.605469 0.203125 0.395312 0.720812
1 0.507031 0.607031 0.204688 0.382812 0.749786
1 0.509375 0.610937 0.196875 0.3875 0.793291
1 0.507812 0.607031 0.20625 0.385938 0.793526
1 0.508594 0.610937 0.201562 0.390625 0.807809
1 0.508594 0.607031 0.198437 0.385938 0.899122
1 0.508594 0.607031 0.201562 0.389062 0.913435
1 0.508594 0.605469 0.198437 0.395312 0.9159
1 0.504687 0.616406 0.2 0.392188 0.304584
1 0.504687 0.615625 0.203125 0.39375 0.342936
1 0.508594 0.610156 0.198437 0.398438 0.719883
1 0.507812 0.605469 0.203125 0.395312 0.720812
1 0.507031 0.607031 0.204688 0.382812 0.749786
1 0.509375 0.610937 0.196875 0.3875 0.793291
1 0.507812 0.607031 0.20625 0.385938 0.793526
1 0.508594 0.610937 0.201562 0.390625 0.807809
1 0.508594 0.607031 0.198437 0.385938 0.899122
1 0.508594 0.607031 0.201562 0.389062 0.913435
1 0.508594 0.605469 0.198437 0.395312 0.9159
